0	0	48
0	0	49
0	0	50
0	0	51
0	0	52
0	0	53
0	0	54
0	0	55
0	0	56
0	0	57
0	0	58
0	0	59
0	0	60
0	0	61
0	0	62
0	0	63
0	0	64
0	0	65
0	0	66
0	0	67
0	0	68
0	0	69
0	0	70
0	0	71
0	0	72
0	0	73
0	0	74
0	0	75
0	0	76
0	0	77
0	0	78
0	0	79
0	0	80
0	0	81
0	0	82
0	0	83
0	0	84
0	0	85
0	0	86
0	0	87
0	0	88
0	0	89
0	0	90
0	0	91
0	0	92
0	0	93
0	0	94
0	0	95
0	0	96
0	0	97
0	0	229
0	0	230
0	0	231
0	0	232
0	0	233
0	0	234
0	0	235
0	0	236
0	0	237
0	0	238
0	0	239
0	0	240
0	1	48
0	1	49
0	1	50
0	1	51
0	1	52
0	1	53
0	1	54
0	1	55
0	1	56
0	1	57
0	1	58
0	1	59
0	1	60
0	1	61
0	1	62
0	1	63
0	1	64
0	1	65
0	1	66
0	1	67
0	1	68
0	1	69
0	1	70
0	1	71
0	1	72
0	1	73
0	1	74
0	1	75
0	1	76
0	1	77
0	1	78
0	1	79
0	1	80
0	1	81
0	1	82
0	1	83
0	1	84
0	1	85
0	1	86
0	1	87
0	1	88
0	1	89
0	1	90
0	1	91
0	1	92
0	1	93
0	1	94
0	1	95
0	1	96
0	1	97
0	1	229
0	1	230
0	1	231
0	1	232
0	1	233
0	1	234
0	1	235
0	1	236
0	1	237
0	1	238
0	1	239
0	1	240
0	2	48
0	2	49
0	2	50
0	2	51
0	2	52
0	2	53
0	2	54
0	2	55
0	2	56
0	2	57
0	2	58
0	2	59
0	2	60
0	2	61
0	2	62
0	2	63
0	2	64
0	2	65
0	2	66
0	2	67
0	2	68
0	2	69
0	2	70
0	2	71
0	2	72
0	2	73
0	2	74
0	2	75
0	2	76
0	2	77
0	2	78
0	2	79
0	2	80
0	2	81
0	2	82
0	2	83
0	2	84
0	2	85
0	2	86
0	2	87
0	2	88
0	2	89
0	2	90
0	2	91
0	2	92
0	2	93
0	2	94
0	2	95
0	2	96
0	2	97
0	2	229
0	2	230
0	2	231
0	2	232
0	2	233
0	2	234
0	2	235
0	2	236
0	2	237
0	2	238
0	2	239
0	2	240
0	3	48
0	3	49
0	3	50
0	3	51
0	3	52
0	3	53
0	3	54
0	3	55
0	3	56
0	3	57
0	3	58
0	3	59
0	3	60
0	3	61
0	3	62
0	3	63
0	3	64
0	3	65
0	3	66
0	3	67
0	3	68
0	3	69
0	3	70
0	3	71
0	3	72
0	3	73
0	3	74
0	3	75
0	3	76
0	3	77
0	3	78
0	3	79
0	3	80
0	3	81
0	3	82
0	3	83
0	3	84
0	3	85
0	3	86
0	3	87
0	3	88
0	3	89
0	3	90
0	3	91
0	3	92
0	3	93
0	3	94
0	3	95
0	3	96
0	3	97
0	3	229
0	3	230
0	3	231
0	3	232
0	3	233
0	3	234
0	3	235
0	3	236
0	3	237
0	3	238
0	3	239
0	3	240
1	0	48
1	0	49
1	0	50
1	0	51
1	0	52
1	0	53
1	0	54
1	0	55
1	0	56
1	0	57
1	0	58
1	0	59
1	0	60
1	0	61
1	0	62
1	0	63
1	0	64
1	0	65
1	0	66
1	0	67
1	0	68
1	0	69
1	0	70
1	0	71
1	0	72
1	0	73
1	0	74
1	0	75
1	0	76
1	0	77
1	0	78
1	0	79
1	0	80
1	0	81
1	0	82
1	0	83
1	0	84
1	0	85
1	0	86
1	0	87
1	0	88
1	0	89
1	0	90
1	0	91
1	0	92
1	0	93
1	0	94
1	0	95
1	0	96
1	0	97
1	0	229
1	0	230
1	0	231
1	0	232
1	0	233
1	0	234
1	0	235
1	0	236
1	0	237
1	0	238
1	0	239
1	0	240
1	1	48
1	1	49
1	1	50
1	1	51
1	1	52
1	1	53
1	1	54
1	1	55
1	1	56
1	1	57
1	1	58
1	1	59
1	1	60
1	1	61
1	1	62
1	1	63
1	1	64
1	1	65
1	1	66
1	1	67
1	1	68
1	1	69
1	1	70
1	1	71
1	1	72
1	1	73
1	1	74
1	1	75
1	1	76
1	1	77
1	1	78
1	1	79
1	1	80
1	1	81
1	1	82
1	1	83
1	1	84
1	1	85
1	1	86
1	1	87
1	1	88
1	1	89
1	1	90
1	1	91
1	1	92
1	1	93
1	1	94
1	1	95
1	1	96
1	1	97
1	1	229
1	1	230
1	1	231
1	1	232
1	1	233
1	1	234
1	1	235
1	1	236
1	1	237
1	1	238
1	1	239
1	1	240
1	2	48
1	2	49
1	2	50
1	2	51
1	2	52
1	2	53
1	2	54
1	2	55
1	2	56
1	2	57
1	2	58
1	2	59
1	2	60
1	2	61
1	2	62
1	2	63
1	2	64
1	2	65
1	2	66
1	2	67
1	2	68
1	2	69
1	2	70
1	2	71
1	2	72
1	2	73
1	2	74
1	2	75
1	2	76
1	2	77
1	2	78
1	2	79
1	2	80
1	2	81
1	2	82
1	2	83
1	2	84
1	2	85
1	2	86
1	2	87
1	2	88
1	2	89
1	2	90
1	2	91
1	2	92
1	2	93
1	2	94
1	2	95
1	2	96
1	2	97
1	2	229
1	2	230
1	2	231
1	2	232
1	2	233
1	2	234
1	2	235
1	2	236
1	2	237
1	2	238
1	2	239
1	2	240
1	3	48
1	3	49
1	3	50
1	3	51
1	3	52
1	3	53
1	3	54
1	3	55
1	3	56
1	3	57
1	3	58
1	3	59
1	3	60
1	3	61
1	3	62
1	3	63
1	3	64
1	3	65
1	3	66
1	3	67
1	3	68
1	3	69
1	3	70
1	3	71
1	3	72
1	3	73
1	3	74
1	3	75
1	3	76
1	3	77
1	3	78
1	3	79
1	3	80
1	3	81
1	3	82
1	3	83
1	3	84
1	3	85
1	3	86
1	3	87
1	3	88
1	3	89
1	3	90
1	3	91
1	3	92
1	3	93
1	3	94
1	3	95
1	3	96
1	3	97
1	3	229
1	3	230
1	3	231
1	3	232
1	3	233
1	3	234
1	3	235
1	3	236
1	3	237
1	3	238
1	3	239
1	3	240
2	0	48
2	0	49
2	0	50
2	0	51
2	0	52
2	0	53
2	0	54
2	0	55
2	0	56
2	0	57
2	0	58
2	0	59
2	0	60
2	0	61
2	0	62
2	0	63
2	0	64
2	0	65
2	0	66
2	0	67
2	0	68
2	0	69
2	0	70
2	0	71
2	0	72
2	0	73
2	0	74
2	0	75
2	0	76
2	0	77
2	0	78
2	0	79
2	0	80
2	0	81
2	0	82
2	0	83
2	0	84
2	0	85
2	0	86
2	0	87
2	0	88
2	0	89
2	0	90
2	0	91
2	0	92
2	0	93
2	0	94
2	0	95
2	0	96
2	0	97
2	0	229
2	0	230
2	0	231
2	0	232
2	0	233
2	0	234
2	0	235
2	0	236
2	0	237
2	0	238
2	0	239
2	0	240
2	1	48
2	1	49
2	1	50
2	1	51
2	1	52
2	1	53
2	1	54
2	1	55
2	1	56
2	1	57
2	1	58
2	1	59
2	1	60
2	1	61
2	1	62
2	1	63
2	1	64
2	1	65
2	1	66
2	1	67
2	1	68
2	1	69
2	1	70
2	1	71
2	1	72
2	1	73
2	1	74
2	1	75
2	1	76
2	1	77
2	1	78
2	1	79
2	1	80
2	1	81
2	1	82
2	1	83
2	1	84
2	1	85
2	1	86
2	1	87
2	1	88
2	1	89
2	1	90
2	1	91
2	1	92
2	1	93
2	1	94
2	1	95
2	1	96
2	1	97
2	1	229
2	1	230
2	1	231
2	1	232
2	1	233
2	1	234
2	1	235
2	1	236
2	1	237
2	1	238
2	1	239
2	1	240
2	2	48
2	2	49
2	2	50
2	2	51
2	2	52
2	2	53
2	2	54
2	2	55
2	2	56
2	2	57
2	2	58
2	2	59
2	2	60
2	2	61
2	2	62
2	2	63
2	2	64
2	2	65
2	2	66
2	2	67
2	2	68
2	2	69
2	2	70
2	2	71
2	2	72
2	2	73
2	2	74
2	2	75
2	2	76
2	2	77
2	2	78
2	2	79
2	2	80
2	2	81
2	2	82
2	2	83
2	2	84
2	2	85
2	2	86
2	2	87
2	2	88
2	2	89
2	2	90
2	2	91
2	2	92
2	2	93
2	2	94
2	2	95
2	2	96
2	2	97
2	2	229
2	2	230
2	2	231
2	2	232
2	2	233
2	2	234
2	2	235
2	2	236
2	2	237
2	2	238
2	2	239
2	2	240
2	3	48
2	3	49
2	3	50
2	3	51
2	3	52
2	3	53
2	3	54
2	3	55
2	3	56
2	3	57
2	3	58
2	3	59
2	3	60
2	3	61
2	3	62
2	3	63
2	3	64
2	3	65
2	3	66
2	3	67
2	3	68
2	3	69
2	3	70
2	3	71
2	3	72
2	3	73
2	3	74
2	3	75
2	3	76
2	3	77
2	3	78
2	3	79
2	3	80
2	3	81
2	3	82
2	3	83
2	3	84
2	3	85
2	3	86
2	3	87
2	3	88
2	3	89
2	3	90
2	3	91
2	3	92
2	3	93
2	3	94
2	3	95
2	3	96
2	3	97
2	3	229
2	3	230
2	3	231
2	3	232
2	3	233
2	3	234
2	3	235
2	3	236
2	3	237
2	3	238
2	3	239
2	3	240
3	0	48
3	0	49
3	0	50
3	0	51
3	0	52
3	0	53
3	0	54
3	0	55
3	0	56
3	0	57
3	0	58
3	0	59
3	0	60
3	0	61
3	0	62
3	0	63
3	0	64
3	0	65
3	0	66
3	0	67
3	0	68
3	0	69
3	0	70
3	0	71
3	0	72
3	0	73
3	0	74
3	0	75
3	0	76
3	0	77
3	0	78
3	0	79
3	0	80
3	0	81
3	0	82
3	0	83
3	0	84
3	0	85
3	0	86
3	0	87
3	0	88
3	0	89
3	0	90
3	0	91
3	0	92
3	0	93
3	0	94
3	0	95
3	0	96
3	0	97
3	0	229
3	0	230
3	0	231
3	0	232
3	0	233
3	0	234
3	0	235
3	0	236
3	0	237
3	0	238
3	0	239
3	0	240
3	1	48
3	1	49
3	1	50
3	1	51
3	1	52
3	1	53
3	1	54
3	1	55
3	1	56
3	1	57
3	1	58
3	1	59
3	1	60
3	1	61
3	1	62
3	1	63
3	1	64
3	1	65
3	1	66
3	1	67
3	1	68
3	1	69
3	1	70
3	1	71
3	1	72
3	1	73
3	1	74
3	1	75
3	1	76
3	1	77
3	1	78
3	1	79
3	1	80
3	1	81
3	1	82
3	1	83
3	1	84
3	1	85
3	1	86
3	1	87
3	1	88
3	1	89
3	1	90
3	1	91
3	1	92
3	1	93
3	1	94
3	1	95
3	1	96
3	1	97
3	1	229
3	1	230
3	1	231
3	1	232
3	1	233
3	1	234
3	1	235
3	1	236
3	1	237
3	1	238
3	1	239
3	1	240
3	2	48
3	2	49
3	2	50
3	2	51
3	2	52
3	2	53
3	2	54
3	2	55
3	2	56
3	2	57
3	2	58
3	2	59
3	2	60
3	2	61
3	2	62
3	2	63
3	2	64
3	2	65
3	2	66
3	2	67
3	2	68
3	2	69
3	2	70
3	2	71
3	2	72
3	2	73
3	2	74
3	2	75
3	2	76
3	2	77
3	2	78
3	2	79
3	2	80
3	2	81
3	2	82
3	2	83
3	2	84
3	2	85
3	2	86
3	2	87
3	2	88
3	2	89
3	2	90
3	2	91
3	2	92
3	2	93
3	2	94
3	2	95
3	2	96
3	2	97
3	2	229
3	2	230
3	2	231
3	2	232
3	2	233
3	2	234
3	2	235
3	2	236
3	2	237
3	2	238
3	2	239
3	2	240
3	3	48
3	3	49
3	3	50
3	3	51
3	3	52
3	3	53
3	3	54
3	3	55
3	3	56
3	3	57
3	3	58
3	3	59
3	3	60
3	3	61
3	3	62
3	3	63
3	3	64
3	3	65
3	3	66
3	3	67
3	3	68
3	3	69
3	3	70
3	3	71
3	3	72
3	3	73
3	3	74
3	3	75
3	3	76
3	3	77
3	3	78
3	3	79
3	3	80
3	3	81
3	3	82
3	3	83
3	3	84
3	3	85
3	3	86
3	3	87
3	3	88
3	3	89
3	3	90
3	3	91
3	3	92
3	3	93
3	3	94
3	3	95
3	3	96
3	3	97
3	3	229
3	3	230
3	3	231
3	3	232
3	3	233
3	3	234
3	3	235
3	3	236
3	3	237
3	3	238
3	3	239
3	3	240
4	0	48
4	0	49
4	0	50
4	0	51
4	0	52
4	0	53
4	0	54
4	0	55
4	0	56
4	0	57
4	0	58
4	0	59
4	0	60
4	0	61
4	0	62
4	0	63
4	0	64
4	0	65
4	0	66
4	0	67
4	0	68
4	0	69
4	0	70
4	0	71
4	0	72
4	0	73
4	0	74
4	0	75
4	0	76
4	0	77
4	0	78
4	0	79
4	0	80
4	0	81
4	0	82
4	0	83
4	0	84
4	0	85
4	0	86
4	0	87
4	0	88
4	0	89
4	0	90
4	0	91
4	0	92
4	0	93
4	0	94
4	0	95
4	0	96
4	0	97
4	0	229
4	0	230
4	0	231
4	0	232
4	0	233
4	0	234
4	0	235
4	0	236
4	0	237
4	0	238
4	0	239
4	0	240
4	1	48
4	1	49
4	1	50
4	1	51
4	1	52
4	1	53
4	1	54
4	1	55
4	1	56
4	1	57
4	1	58
4	1	59
4	1	60
4	1	61
4	1	62
4	1	63
4	1	64
4	1	65
4	1	66
4	1	67
4	1	68
4	1	69
4	1	70
4	1	71
4	1	72
4	1	73
4	1	74
4	1	75
4	1	76
4	1	77
4	1	78
4	1	79
4	1	80
4	1	81
4	1	82
4	1	83
4	1	84
4	1	85
4	1	86
4	1	87
4	1	88
4	1	89
4	1	90
4	1	91
4	1	92
4	1	93
4	1	94
4	1	95
4	1	96
4	1	97
4	1	229
4	1	230
4	1	231
4	1	232
4	1	233
4	1	234
4	1	235
4	1	236
4	1	237
4	1	238
4	1	239
4	1	240
4	2	48
4	2	49
4	2	50
4	2	51
4	2	52
4	2	53
4	2	54
4	2	55
4	2	56
4	2	57
4	2	58
4	2	59
4	2	60
4	2	61
4	2	62
4	2	63
4	2	64
4	2	65
4	2	66
4	2	67
4	2	68
4	2	69
4	2	70
4	2	71
4	2	72
4	2	73
4	2	74
4	2	75
4	2	76
4	2	77
4	2	78
4	2	79
4	2	80
4	2	81
4	2	82
4	2	83
4	2	84
4	2	85
4	2	86
4	2	87
4	2	88
4	2	89
4	2	90
4	2	91
4	2	92
4	2	93
4	2	94
4	2	95
4	2	96
4	2	97
4	2	229
4	2	230
4	2	231
4	2	232
4	2	233
4	2	234
4	2	235
4	2	236
4	2	237
4	2	238
4	2	239
4	2	240
4	3	48
4	3	49
4	3	50
4	3	51
4	3	52
4	3	53
4	3	54
4	3	55
4	3	56
4	3	57
4	3	58
4	3	59
4	3	60
4	3	61
4	3	62
4	3	63
4	3	64
4	3	65
4	3	66
4	3	67
4	3	68
4	3	69
4	3	70
4	3	71
4	3	72
4	3	73
4	3	74
4	3	75
4	3	76
4	3	77
4	3	78
4	3	79
4	3	80
4	3	81
4	3	82
4	3	83
4	3	84
4	3	85
4	3	86
4	3	87
4	3	88
4	3	89
4	3	90
4	3	91
4	3	92
4	3	93
4	3	94
4	3	95
4	3	96
4	3	97
4	3	229
4	3	230
4	3	231
4	3	232
4	3	233
4	3	234
4	3	235
4	3	236
4	3	237
4	3	238
4	3	239
4	3	240
5	0	48
5	0	49
5	0	50
5	0	51
5	0	52
5	0	53
5	0	54
5	0	55
5	0	56
5	0	57
5	0	58
5	0	59
5	0	60
5	0	61
5	0	62
5	0	63
5	0	64
5	0	65
5	0	66
5	0	67
5	0	68
5	0	69
5	0	70
5	0	71
5	0	72
5	0	73
5	0	74
5	0	75
5	0	76
5	0	77
5	0	78
5	0	79
5	0	80
5	0	81
5	0	82
5	0	83
5	0	84
5	0	85
5	0	86
5	0	87
5	0	88
5	0	89
5	0	90
5	0	91
5	0	92
5	0	93
5	0	94
5	0	95
5	0	96
5	0	97
5	0	229
5	0	230
5	0	231
5	0	232
5	0	233
5	0	234
5	0	235
5	0	236
5	0	237
5	0	238
5	0	239
5	0	240
5	1	48
5	1	49
5	1	50
5	1	51
5	1	52
5	1	53
5	1	54
5	1	55
5	1	56
5	1	57
5	1	58
5	1	59
5	1	60
5	1	61
5	1	62
5	1	63
5	1	64
5	1	65
5	1	66
5	1	67
5	1	68
5	1	69
5	1	70
5	1	71
5	1	72
5	1	73
5	1	74
5	1	75
5	1	76
5	1	77
5	1	78
5	1	79
5	1	80
5	1	81
5	1	82
5	1	83
5	1	84
5	1	85
5	1	86
5	1	87
5	1	88
5	1	89
5	1	90
5	1	91
5	1	92
5	1	93
5	1	94
5	1	95
5	1	96
5	1	97
5	1	229
5	1	230
5	1	231
5	1	232
5	1	233
5	1	234
5	1	235
5	1	236
5	1	237
5	1	238
5	1	239
5	1	240
5	2	48
5	2	49
5	2	50
5	2	51
5	2	52
5	2	53
5	2	54
5	2	55
5	2	56
5	2	57
5	2	58
5	2	59
5	2	60
5	2	61
5	2	62
5	2	63
5	2	64
5	2	65
5	2	66
5	2	67
5	2	68
5	2	69
5	2	70
5	2	71
5	2	72
5	2	73
5	2	74
5	2	75
5	2	76
5	2	77
5	2	78
5	2	79
5	2	80
5	2	81
5	2	82
5	2	83
5	2	84
5	2	85
5	2	86
5	2	87
5	2	88
5	2	89
5	2	90
5	2	91
5	2	92
5	2	93
5	2	94
5	2	95
5	2	96
5	2	97
5	2	229
5	2	230
5	2	231
5	2	232
5	2	233
5	2	234
5	2	235
5	2	236
5	2	237
5	2	238
5	2	239
5	2	240
5	3	48
5	3	49
5	3	50
5	3	51
5	3	52
5	3	53
5	3	54
5	3	55
5	3	56
5	3	57
5	3	58
5	3	59
5	3	60
5	3	61
5	3	62
5	3	63
5	3	64
5	3	65
5	3	66
5	3	67
5	3	68
5	3	69
5	3	70
5	3	71
5	3	72
5	3	73
5	3	74
5	3	75
5	3	76
5	3	77
5	3	78
5	3	79
5	3	80
5	3	81
5	3	82
5	3	83
5	3	84
5	3	85
5	3	86
5	3	87
5	3	88
5	3	89
5	3	90
5	3	91
5	3	92
5	3	93
5	3	94
5	3	95
5	3	96
5	3	97
5	3	229
5	3	230
5	3	231
5	3	232
5	3	233
5	3	234
5	3	235
5	3	236
5	3	237
5	3	238
5	3	239
5	3	240
6	0	48
6	0	49
6	0	50
6	0	51
6	0	52
6	0	53
6	0	54
6	0	55
6	0	56
6	0	57
6	0	58
6	0	59
6	0	60
6	0	61
6	0	62
6	0	63
6	0	64
6	0	65
6	0	66
6	0	67
6	0	68
6	0	69
6	0	70
6	0	71
6	0	72
6	0	73
6	0	74
6	0	75
6	0	76
6	0	77
6	0	78
6	0	79
6	0	80
6	0	81
6	0	82
6	0	83
6	0	84
6	0	85
6	0	86
6	0	87
6	0	88
6	0	89
6	0	90
6	0	91
6	0	92
6	0	93
6	0	94
6	0	95
6	0	96
6	0	97
6	0	229
6	0	230
6	0	231
6	0	232
6	0	233
6	0	234
6	0	235
6	0	236
6	0	237
6	0	238
6	0	239
6	0	240
6	1	48
6	1	49
6	1	50
6	1	51
6	1	52
6	1	53
6	1	54
6	1	55
6	1	56
6	1	57
6	1	58
6	1	59
6	1	60
6	1	61
6	1	62
6	1	63
6	1	64
6	1	65
6	1	66
6	1	67
6	1	68
6	1	69
6	1	70
6	1	71
6	1	72
6	1	73
6	1	74
6	1	75
6	1	76
6	1	77
6	1	78
6	1	79
6	1	80
6	1	81
6	1	82
6	1	83
6	1	84
6	1	85
6	1	86
6	1	87
6	1	88
6	1	89
6	1	90
6	1	91
6	1	92
6	1	93
6	1	94
6	1	95
6	1	96
6	1	97
6	1	229
6	1	230
6	1	231
6	1	232
6	1	233
6	1	234
6	1	235
6	1	236
6	1	237
6	1	238
6	1	239
6	1	240
6	2	48
6	2	49
6	2	50
6	2	51
6	2	52
6	2	53
6	2	54
6	2	55
6	2	56
6	2	57
6	2	58
6	2	59
6	2	60
6	2	61
6	2	62
6	2	63
6	2	64
6	2	65
6	2	66
6	2	67
6	2	68
6	2	69
6	2	70
6	2	71
6	2	72
6	2	73
6	2	74
6	2	75
6	2	76
6	2	77
6	2	78
6	2	79
6	2	80
6	2	81
6	2	82
6	2	83
6	2	84
6	2	85
6	2	86
6	2	87
6	2	88
6	2	89
6	2	90
6	2	91
6	2	92
6	2	93
6	2	94
6	2	95
6	2	96
6	2	97
6	2	229
6	2	230
6	2	231
6	2	232
6	2	233
6	2	234
6	2	235
6	2	236
6	2	237
6	2	238
6	2	239
6	2	240
6	3	48
6	3	49
6	3	50
6	3	51
6	3	52
6	3	53
6	3	54
6	3	55
6	3	56
6	3	57
6	3	58
6	3	59
6	3	60
6	3	61
6	3	62
6	3	63
6	3	64
6	3	65
6	3	66
6	3	67
6	3	68
6	3	69
6	3	70
6	3	71
6	3	72
6	3	73
6	3	74
6	3	75
6	3	76
6	3	77
6	3	78
6	3	79
6	3	80
6	3	81
6	3	82
6	3	83
6	3	84
6	3	85
6	3	86
6	3	87
6	3	88
6	3	89
6	3	90
6	3	91
6	3	92
6	3	93
6	3	94
6	3	95
6	3	96
6	3	97
6	3	229
6	3	230
6	3	231
6	3	232
6	3	233
6	3	234
6	3	235
6	3	236
6	3	237
6	3	238
6	3	239
6	3	240
7	0	48
7	0	49
7	0	50
7	0	51
7	0	52
7	0	53
7	0	54
7	0	55
7	0	56
7	0	57
7	0	58
7	0	59
7	0	60
7	0	61
7	0	62
7	0	63
7	0	64
7	0	65
7	0	66
7	0	67
7	0	68
7	0	69
7	0	70
7	0	71
7	0	72
7	0	73
7	0	74
7	0	75
7	0	76
7	0	77
7	0	78
7	0	79
7	0	80
7	0	81
7	0	82
7	0	83
7	0	84
7	0	85
7	0	86
7	0	87
7	0	88
7	0	89
7	0	90
7	0	91
7	0	92
7	0	93
7	0	94
7	0	95
7	0	96
7	0	97
7	0	229
7	0	230
7	0	231
7	0	232
7	0	233
7	0	234
7	0	235
7	0	236
7	0	237
7	0	238
7	0	239
7	0	240
7	1	48
7	1	49
7	1	50
7	1	51
7	1	52
7	1	53
7	1	54
7	1	55
7	1	56
7	1	57
7	1	58
7	1	59
7	1	60
7	1	61
7	1	62
7	1	63
7	1	64
7	1	65
7	1	66
7	1	67
7	1	68
7	1	69
7	1	70
7	1	71
7	1	72
7	1	73
7	1	74
7	1	75
7	1	76
7	1	77
7	1	78
7	1	79
7	1	80
7	1	81
7	1	82
7	1	83
7	1	84
7	1	85
7	1	86
7	1	87
7	1	88
7	1	89
7	1	90
7	1	91
7	1	92
7	1	93
7	1	94
7	1	95
7	1	96
7	1	97
7	1	229
7	1	230
7	1	231
7	1	232
7	1	233
7	1	234
7	1	235
7	1	236
7	1	237
7	1	238
7	1	239
7	1	240
7	2	48
7	2	49
7	2	50
7	2	51
7	2	52
7	2	53
7	2	54
7	2	55
7	2	56
7	2	57
7	2	58
7	2	59
7	2	60
7	2	61
7	2	62
7	2	63
7	2	64
7	2	65
7	2	66
7	2	67
7	2	68
7	2	69
7	2	70
7	2	71
7	2	72
7	2	73
7	2	74
7	2	75
7	2	76
7	2	77
7	2	78
7	2	79
7	2	80
7	2	81
7	2	82
7	2	83
7	2	84
7	2	85
7	2	86
7	2	87
7	2	88
7	2	89
7	2	90
7	2	91
7	2	92
7	2	93
7	2	94
7	2	95
7	2	96
7	2	97
7	2	229
7	2	230
7	2	231
7	2	232
7	2	233
7	2	234
7	2	235
7	2	236
7	2	237
7	2	238
7	2	239
7	2	240
7	3	48
7	3	49
7	3	50
7	3	51
7	3	52
7	3	53
7	3	54
7	3	55
7	3	56
7	3	57
7	3	58
7	3	59
7	3	60
7	3	61
7	3	62
7	3	63
7	3	64
7	3	65
7	3	66
7	3	67
7	3	68
7	3	69
7	3	70
7	3	71
7	3	72
7	3	73
7	3	74
7	3	75
7	3	76
7	3	77
7	3	78
7	3	79
7	3	80
7	3	81
7	3	82
7	3	83
7	3	84
7	3	85
7	3	86
7	3	87
7	3	88
7	3	89
7	3	90
7	3	91
7	3	92
7	3	93
7	3	94
7	3	95
7	3	96
7	3	97
7	3	229
7	3	230
7	3	231
7	3	232
7	3	233
7	3	234
7	3	235
7	3	236
7	3	237
7	3	238
7	3	239
7	3	240
8	0	48
8	0	49
8	0	50
8	0	51
8	0	52
8	0	53
8	0	54
8	0	55
8	0	56
8	0	57
8	0	58
8	0	59
8	0	60
8	0	61
8	0	62
8	0	63
8	0	64
8	0	65
8	0	66
8	0	67
8	0	68
8	0	69
8	0	70
8	0	71
8	0	72
8	0	73
8	0	74
8	0	75
8	0	76
8	0	77
8	0	78
8	0	79
8	0	80
8	0	81
8	0	82
8	0	83
8	0	84
8	0	85
8	0	86
8	0	87
8	0	88
8	0	89
8	0	90
8	0	91
8	0	92
8	0	93
8	0	94
8	0	95
8	0	96
8	0	97
8	0	229
8	0	230
8	0	231
8	0	232
8	0	233
8	0	234
8	0	235
8	0	236
8	0	237
8	0	238
8	0	239
8	0	240
8	1	48
8	1	49
8	1	50
8	1	51
8	1	52
8	1	53
8	1	54
8	1	55
8	1	56
8	1	57
8	1	58
8	1	59
8	1	60
8	1	61
8	1	62
8	1	63
8	1	64
8	1	65
8	1	66
8	1	67
8	1	68
8	1	69
8	1	70
8	1	71
8	1	72
8	1	73
8	1	74
8	1	75
8	1	76
8	1	77
8	1	78
8	1	79
8	1	80
8	1	81
8	1	82
8	1	83
8	1	84
8	1	85
8	1	86
8	1	87
8	1	88
8	1	89
8	1	90
8	1	91
8	1	92
8	1	93
8	1	94
8	1	95
8	1	96
8	1	97
8	1	229
8	1	230
8	1	231
8	1	232
8	1	233
8	1	234
8	1	235
8	1	236
8	1	237
8	1	238
8	1	239
8	1	240
8	2	48
8	2	49
8	2	50
8	2	51
8	2	52
8	2	53
8	2	54
8	2	55
8	2	56
8	2	57
8	2	58
8	2	59
8	2	60
8	2	61
8	2	62
8	2	63
8	2	64
8	2	65
8	2	66
8	2	67
8	2	68
8	2	69
8	2	70
8	2	71
8	2	72
8	2	73
8	2	74
8	2	75
8	2	76
8	2	77
8	2	78
8	2	79
8	2	80
8	2	81
8	2	82
8	2	83
8	2	84
8	2	85
8	2	86
8	2	87
8	2	88
8	2	89
8	2	90
8	2	91
8	2	92
8	2	93
8	2	94
8	2	95
8	2	96
8	2	97
8	2	229
8	2	230
8	2	231
8	2	232
8	2	233
8	2	234
8	2	235
8	2	236
8	2	237
8	2	238
8	2	239
8	2	240
8	3	48
8	3	49
8	3	50
8	3	51
8	3	52
8	3	53
8	3	54
8	3	55
8	3	56
8	3	57
8	3	58
8	3	59
8	3	60
8	3	61
8	3	62
8	3	63
8	3	64
8	3	65
8	3	66
8	3	67
8	3	68
8	3	69
8	3	70
8	3	71
8	3	72
8	3	73
8	3	74
8	3	75
8	3	76
8	3	77
8	3	78
8	3	79
8	3	80
8	3	81
8	3	82
8	3	83
8	3	84
8	3	85
8	3	86
8	3	87
8	3	88
8	3	89
8	3	90
8	3	91
8	3	92
8	3	93
8	3	94
8	3	95
8	3	96
8	3	97
8	3	229
8	3	230
8	3	231
8	3	232
8	3	233
8	3	234
8	3	235
8	3	236
8	3	237
8	3	238
8	3	239
8	3	240
9	0	48
9	0	49
9	0	50
9	0	51
9	0	52
9	0	53
9	0	54
9	0	55
9	0	56
9	0	57
9	0	58
9	0	59
9	0	60
9	0	61
9	0	62
9	0	63
9	0	64
9	0	65
9	0	66
9	0	67
9	0	68
9	0	69
9	0	70
9	0	71
9	0	72
9	0	73
9	0	74
9	0	75
9	0	76
9	0	77
9	0	78
9	0	79
9	0	80
9	0	81
9	0	82
9	0	83
9	0	84
9	0	85
9	0	86
9	0	87
9	0	88
9	0	89
9	0	90
9	0	91
9	0	92
9	0	93
9	0	94
9	0	95
9	0	96
9	0	97
9	0	229
9	0	230
9	0	231
9	0	232
9	0	233
9	0	234
9	0	235
9	0	236
9	0	237
9	0	238
9	0	239
9	0	240
9	1	48
9	1	49
9	1	50
9	1	51
9	1	52
9	1	53
9	1	54
9	1	55
9	1	56
9	1	57
9	1	58
9	1	59
9	1	60
9	1	61
9	1	62
9	1	63
9	1	64
9	1	65
9	1	66
9	1	67
9	1	68
9	1	69
9	1	70
9	1	71
9	1	72
9	1	73
9	1	74
9	1	75
9	1	76
9	1	77
9	1	78
9	1	79
9	1	80
9	1	81
9	1	82
9	1	83
9	1	84
9	1	85
9	1	86
9	1	87
9	1	88
9	1	89
9	1	90
9	1	91
9	1	92
9	1	93
9	1	94
9	1	95
9	1	96
9	1	97
9	1	229
9	1	230
9	1	231
9	1	232
9	1	233
9	1	234
9	1	235
9	1	236
9	1	237
9	1	238
9	1	239
9	1	240
9	2	48
9	2	49
9	2	50
9	2	51
9	2	52
9	2	53
9	2	54
9	2	55
9	2	56
9	2	57
9	2	58
9	2	59
9	2	60
9	2	61
9	2	62
9	2	63
9	2	64
9	2	65
9	2	66
9	2	67
9	2	68
9	2	69
9	2	70
9	2	71
9	2	72
9	2	73
9	2	74
9	2	75
9	2	76
9	2	77
9	2	78
9	2	79
9	2	80
9	2	81
9	2	82
9	2	83
9	2	84
9	2	85
9	2	86
9	2	87
9	2	88
9	2	89
9	2	90
9	2	91
9	2	92
9	2	93
9	2	94
9	2	95
9	2	96
9	2	97
9	2	229
9	2	230
9	2	231
9	2	232
9	2	233
9	2	234
9	2	235
9	2	236
9	2	237
9	2	238
9	2	239
9	2	240
9	3	48
9	3	49
9	3	50
9	3	51
9	3	52
9	3	53
9	3	54
9	3	55
9	3	56
9	3	57
9	3	58
9	3	59
9	3	60
9	3	61
9	3	62
9	3	63
9	3	64
9	3	65
9	3	66
9	3	67
9	3	68
9	3	69
9	3	70
9	3	71
9	3	72
9	3	73
9	3	74
9	3	75
9	3	76
9	3	77
9	3	78
9	3	79
9	3	80
9	3	81
9	3	82
9	3	83
9	3	84
9	3	85
9	3	86
9	3	87
9	3	88
9	3	89
9	3	90
9	3	91
9	3	92
9	3	93
9	3	94
9	3	95
9	3	96
9	3	97
9	3	229
9	3	230
9	3	231
9	3	232
9	3	233
9	3	234
9	3	235
9	3	236
9	3	237
9	3	238
9	3	239
9	3	240
10	0	48
10	0	49
10	0	50
10	0	51
10	0	52
10	0	53
10	0	54
10	0	55
10	0	56
10	0	57
10	0	58
10	0	59
10	0	60
10	0	61
10	0	62
10	0	63
10	0	64
10	0	65
10	0	66
10	0	67
10	0	68
10	0	69
10	0	70
10	0	71
10	0	72
10	0	73
10	0	74
10	0	75
10	0	76
10	0	77
10	0	78
10	0	79
10	0	80
10	0	81
10	0	82
10	0	83
10	0	84
10	0	85
10	0	86
10	0	87
10	0	88
10	0	89
10	0	90
10	0	91
10	0	92
10	0	93
10	0	94
10	0	95
10	0	96
10	0	97
10	0	229
10	0	230
10	0	231
10	0	232
10	0	233
10	0	234
10	0	235
10	0	236
10	0	237
10	0	238
10	0	239
10	0	240
10	1	48
10	1	49
10	1	50
10	1	51
10	1	52
10	1	53
10	1	54
10	1	55
10	1	56
10	1	57
10	1	58
10	1	59
10	1	60
10	1	61
10	1	62
10	1	63
10	1	64
10	1	65
10	1	66
10	1	67
10	1	68
10	1	69
10	1	70
10	1	71
10	1	72
10	1	73
10	1	74
10	1	75
10	1	76
10	1	77
10	1	78
10	1	79
10	1	80
10	1	81
10	1	82
10	1	83
10	1	84
10	1	85
10	1	86
10	1	87
10	1	88
10	1	89
10	1	90
10	1	91
10	1	92
10	1	93
10	1	94
10	1	95
10	1	96
10	1	97
10	1	229
10	1	230
10	1	231
10	1	232
10	1	233
10	1	234
10	1	235
10	1	236
10	1	237
10	1	238
10	1	239
10	1	240
10	2	48
10	2	49
10	2	50
10	2	51
10	2	52
10	2	53
10	2	54
10	2	55
10	2	56
10	2	57
10	2	58
10	2	59
10	2	60
10	2	61
10	2	62
10	2	63
10	2	64
10	2	65
10	2	66
10	2	67
10	2	68
10	2	69
10	2	70
10	2	71
10	2	72
10	2	73
10	2	74
10	2	75
10	2	76
10	2	77
10	2	78
10	2	79
10	2	80
10	2	81
10	2	82
10	2	83
10	2	84
10	2	85
10	2	86
10	2	87
10	2	88
10	2	89
10	2	90
10	2	91
10	2	92
10	2	93
10	2	94
10	2	95
10	2	96
10	2	97
10	2	229
10	2	230
10	2	231
10	2	232
10	2	233
10	2	234
10	2	235
10	2	236
10	2	237
10	2	238
10	2	239
10	2	240
10	3	48
10	3	49
10	3	50
10	3	51
10	3	52
10	3	53
10	3	54
10	3	55
10	3	56
10	3	57
10	3	58
10	3	59
10	3	60
10	3	61
10	3	62
10	3	63
10	3	64
10	3	65
10	3	66
10	3	67
10	3	68
10	3	69
10	3	70
10	3	71
10	3	72
10	3	73
10	3	74
10	3	75
10	3	76
10	3	77
10	3	78
10	3	79
10	3	80
10	3	81
10	3	82
10	3	83
10	3	84
10	3	85
10	3	86
10	3	87
10	3	88
10	3	89
10	3	90
10	3	91
10	3	92
10	3	93
10	3	94
10	3	95
10	3	96
10	3	97
10	3	229
10	3	230
10	3	231
10	3	232
10	3	233
10	3	234
10	3	235
10	3	236
10	3	237
10	3	238
10	3	239
10	3	240
11	0	48
11	0	49
11	0	50
11	0	51
11	0	52
11	0	53
11	0	54
11	0	55
11	0	56
11	0	57
11	0	58
11	0	59
11	0	60
11	0	61
11	0	62
11	0	63
11	0	64
11	0	65
11	0	66
11	0	67
11	0	68
11	0	69
11	0	70
11	0	71
11	0	72
11	0	73
11	0	74
11	0	75
11	0	76
11	0	77
11	0	78
11	0	79
11	0	80
11	0	81
11	0	82
11	0	83
11	0	84
11	0	85
11	0	86
11	0	87
11	0	88
11	0	89
11	0	90
11	0	91
11	0	92
11	0	93
11	0	94
11	0	95
11	0	96
11	0	97
11	0	229
11	0	230
11	0	231
11	0	232
11	0	233
11	0	234
11	0	235
11	0	236
11	0	237
11	0	238
11	0	239
11	0	240
11	1	48
11	1	49
11	1	50
11	1	51
11	1	52
11	1	53
11	1	54
11	1	55
11	1	56
11	1	57
11	1	58
11	1	59
11	1	60
11	1	61
11	1	62
11	1	63
11	1	64
11	1	65
11	1	66
11	1	67
11	1	68
11	1	69
11	1	70
11	1	71
11	1	72
11	1	73
11	1	74
11	1	75
11	1	76
11	1	77
11	1	78
11	1	79
11	1	80
11	1	81
11	1	82
11	1	83
11	1	84
11	1	85
11	1	86
11	1	87
11	1	88
11	1	89
11	1	90
11	1	91
11	1	92
11	1	93
11	1	94
11	1	95
11	1	96
11	1	97
11	1	229
11	1	230
11	1	231
11	1	232
11	1	233
11	1	234
11	1	235
11	1	236
11	1	237
11	1	238
11	1	239
11	1	240
11	2	48
11	2	49
11	2	50
11	2	51
11	2	52
11	2	53
11	2	54
11	2	55
11	2	56
11	2	57
11	2	58
11	2	59
11	2	60
11	2	61
11	2	62
11	2	63
11	2	64
11	2	65
11	2	66
11	2	67
11	2	68
11	2	69
11	2	70
11	2	71
11	2	72
11	2	73
11	2	74
11	2	75
11	2	76
11	2	77
11	2	78
11	2	79
11	2	80
11	2	81
11	2	82
11	2	83
11	2	84
11	2	85
11	2	86
11	2	87
11	2	88
11	2	89
11	2	90
11	2	91
11	2	92
11	2	93
11	2	94
11	2	95
11	2	96
11	2	97
11	2	229
11	2	230
11	2	231
11	2	232
11	2	233
11	2	234
11	2	235
11	2	236
11	2	237
11	2	238
11	2	239
11	2	240
11	3	48
11	3	49
11	3	50
11	3	51
11	3	52
11	3	53
11	3	54
11	3	55
11	3	56
11	3	57
11	3	58
11	3	59
11	3	60
11	3	61
11	3	62
11	3	63
11	3	64
11	3	65
11	3	66
11	3	67
11	3	68
11	3	69
11	3	70
11	3	71
11	3	72
11	3	73
11	3	74
11	3	75
11	3	76
11	3	77
11	3	78
11	3	79
11	3	80
11	3	81
11	3	82
11	3	83
11	3	84
11	3	85
11	3	86
11	3	87
11	3	88
11	3	89
11	3	90
11	3	91
11	3	92
11	3	93
11	3	94
11	3	95
11	3	96
11	3	97
11	3	229
11	3	230
11	3	231
11	3	232
11	3	233
11	3	234
11	3	235
11	3	236
11	3	237
11	3	238
11	3	239
11	3	240
12	0	48
12	0	49
12	0	50
12	0	51
12	0	52
12	0	53
12	0	54
12	0	55
12	0	56
12	0	57
12	0	58
12	0	59
12	0	60
12	0	61
12	0	62
12	0	63
12	0	64
12	0	65
12	0	66
12	0	67
12	0	68
12	0	69
12	0	70
12	0	71
12	0	72
12	0	73
12	0	74
12	0	75
12	0	76
12	0	77
12	0	78
12	0	79
12	0	80
12	0	81
12	0	82
12	0	83
12	0	84
12	0	85
12	0	86
12	0	87
12	0	88
12	0	89
12	0	90
12	0	91
12	0	92
12	0	93
12	0	94
12	0	95
12	0	96
12	0	97
12	0	229
12	0	230
12	0	231
12	0	232
12	0	233
12	0	234
12	0	235
12	0	236
12	0	237
12	0	238
12	0	239
12	0	240
12	1	48
12	1	49
12	1	50
12	1	51
12	1	52
12	1	53
12	1	54
12	1	55
12	1	56
12	1	57
12	1	58
12	1	59
12	1	60
12	1	61
12	1	62
12	1	63
12	1	64
12	1	65
12	1	66
12	1	67
12	1	68
12	1	69
12	1	70
12	1	71
12	1	72
12	1	73
12	1	74
12	1	75
12	1	76
12	1	77
12	1	78
12	1	79
12	1	80
12	1	81
12	1	82
12	1	83
12	1	84
12	1	85
12	1	86
12	1	87
12	1	88
12	1	89
12	1	90
12	1	91
12	1	92
12	1	93
12	1	94
12	1	95
12	1	96
12	1	97
12	1	229
12	1	230
12	1	231
12	1	232
12	1	233
12	1	234
12	1	235
12	1	236
12	1	237
12	1	238
12	1	239
12	1	240
12	2	48
12	2	49
12	2	50
12	2	51
12	2	52
12	2	53
12	2	54
12	2	55
12	2	56
12	2	57
12	2	58
12	2	59
12	2	60
12	2	61
12	2	62
12	2	63
12	2	64
12	2	65
12	2	66
12	2	67
12	2	68
12	2	69
12	2	70
12	2	71
12	2	72
12	2	73
12	2	74
12	2	75
12	2	76
12	2	77
12	2	78
12	2	79
12	2	80
12	2	81
12	2	82
12	2	83
12	2	84
12	2	85
12	2	86
12	2	87
12	2	88
12	2	89
12	2	90
12	2	91
12	2	92
12	2	93
12	2	94
12	2	95
12	2	96
12	2	97
12	2	229
12	2	230
12	2	231
12	2	232
12	2	233
12	2	234
12	2	235
12	2	236
12	2	237
12	2	238
12	2	239
12	2	240
12	3	48
12	3	49
12	3	50
12	3	51
12	3	52
12	3	53
12	3	54
12	3	55
12	3	56
12	3	57
12	3	58
12	3	59
12	3	60
12	3	61
12	3	62
12	3	63
12	3	64
12	3	65
12	3	66
12	3	67
12	3	68
12	3	69
12	3	70
12	3	71
12	3	72
12	3	73
12	3	74
12	3	75
12	3	76
12	3	77
12	3	78
12	3	79
12	3	80
12	3	81
12	3	82
12	3	83
12	3	84
12	3	85
12	3	86
12	3	87
12	3	88
12	3	89
12	3	90
12	3	91
12	3	92
12	3	93
12	3	94
12	3	95
12	3	96
12	3	97
12	3	229
12	3	230
12	3	231
12	3	232
12	3	233
12	3	234
12	3	235
12	3	236
12	3	237
12	3	238
12	3	239
12	3	240
13	0	48
13	0	49
13	0	50
13	0	51
13	0	52
13	0	53
13	0	54
13	0	55
13	0	56
13	0	57
13	0	58
13	0	59
13	0	60
13	0	61
13	0	62
13	0	63
13	0	64
13	0	65
13	0	66
13	0	67
13	0	68
13	0	69
13	0	70
13	0	71
13	0	72
13	0	73
13	0	74
13	0	75
13	0	76
13	0	77
13	0	78
13	0	79
13	0	80
13	0	81
13	0	82
13	0	83
13	0	84
13	0	85
13	0	86
13	0	87
13	0	88
13	0	89
13	0	90
13	0	91
13	0	92
13	0	93
13	0	94
13	0	95
13	0	96
13	0	97
13	0	229
13	0	230
13	0	231
13	0	232
13	0	233
13	0	234
13	0	235
13	0	236
13	0	237
13	0	238
13	0	239
13	0	240
13	1	48
13	1	49
13	1	50
13	1	51
13	1	52
13	1	53
13	1	54
13	1	55
13	1	56
13	1	57
13	1	58
13	1	59
13	1	60
13	1	61
13	1	62
13	1	63
13	1	64
13	1	65
13	1	66
13	1	67
13	1	68
13	1	69
13	1	70
13	1	71
13	1	72
13	1	73
13	1	74
13	1	75
13	1	76
13	1	77
13	1	78
13	1	79
13	1	80
13	1	81
13	1	82
13	1	83
13	1	84
13	1	85
13	1	86
13	1	87
13	1	88
13	1	89
13	1	90
13	1	91
13	1	92
13	1	93
13	1	94
13	1	95
13	1	96
13	1	97
13	1	229
13	1	230
13	1	231
13	1	232
13	1	233
13	1	234
13	1	235
13	1	236
13	1	237
13	1	238
13	1	239
13	1	240
13	2	48
13	2	49
13	2	50
13	2	51
13	2	52
13	2	53
13	2	54
13	2	55
13	2	56
13	2	57
13	2	58
13	2	59
13	2	60
13	2	61
13	2	62
13	2	63
13	2	64
13	2	65
13	2	66
13	2	67
13	2	68
13	2	69
13	2	70
13	2	71
13	2	72
13	2	73
13	2	74
13	2	75
13	2	76
13	2	77
13	2	78
13	2	79
13	2	80
13	2	81
13	2	82
13	2	83
13	2	84
13	2	85
13	2	86
13	2	87
13	2	88
13	2	89
13	2	90
13	2	91
13	2	92
13	2	93
13	2	94
13	2	95
13	2	96
13	2	97
13	2	229
13	2	230
13	2	231
13	2	232
13	2	233
13	2	234
13	2	235
13	2	236
13	2	237
13	2	238
13	2	239
13	2	240
13	3	48
13	3	49
13	3	50
13	3	51
13	3	52
13	3	53
13	3	54
13	3	55
13	3	56
13	3	57
13	3	58
13	3	59
13	3	60
13	3	61
13	3	62
13	3	63
13	3	64
13	3	65
13	3	66
13	3	67
13	3	68
13	3	69
13	3	70
13	3	71
13	3	72
13	3	73
13	3	74
13	3	75
13	3	76
13	3	77
13	3	78
13	3	79
13	3	80
13	3	81
13	3	82
13	3	83
13	3	84
13	3	85
13	3	86
13	3	87
13	3	88
13	3	89
13	3	90
13	3	91
13	3	92
13	3	93
13	3	94
13	3	95
13	3	96
13	3	97
13	3	229
13	3	230
13	3	231
13	3	232
13	3	233
13	3	234
13	3	235
13	3	236
13	3	237
13	3	238
13	3	239
13	3	240
14	0	48
14	0	49
14	0	50
14	0	51
14	0	52
14	0	53
14	0	54
14	0	55
14	0	56
14	0	57
14	0	58
14	0	59
14	0	60
14	0	61
14	0	62
14	0	63
14	0	64
14	0	65
14	0	66
14	0	67
14	0	68
14	0	69
14	0	70
14	0	71
14	0	72
14	0	73
14	0	74
14	0	75
14	0	76
14	0	77
14	0	78
14	0	79
14	0	80
14	0	81
14	0	82
14	0	83
14	0	84
14	0	85
14	0	86
14	0	87
14	0	88
14	0	89
14	0	90
14	0	91
14	0	92
14	0	93
14	0	94
14	0	95
14	0	96
14	0	97
14	0	229
14	0	230
14	0	231
14	0	232
14	0	233
14	0	234
14	0	235
14	0	236
14	0	237
14	0	238
14	0	239
14	0	240
14	1	48
14	1	49
14	1	50
14	1	51
14	1	52
14	1	53
14	1	54
14	1	55
14	1	56
14	1	57
14	1	58
14	1	59
14	1	60
14	1	61
14	1	62
14	1	63
14	1	64
14	1	65
14	1	66
14	1	67
14	1	68
14	1	69
14	1	70
14	1	71
14	1	72
14	1	73
14	1	74
14	1	75
14	1	76
14	1	77
14	1	78
14	1	79
14	1	80
14	1	81
14	1	82
14	1	83
14	1	84
14	1	85
14	1	86
14	1	87
14	1	88
14	1	89
14	1	90
14	1	91
14	1	92
14	1	93
14	1	94
14	1	95
14	1	96
14	1	97
14	1	229
14	1	230
14	1	231
14	1	232
14	1	233
14	1	234
14	1	235
14	1	236
14	1	237
14	1	238
14	1	239
14	1	240
14	2	48
14	2	49
14	2	50
14	2	51
14	2	52
14	2	53
14	2	54
14	2	55
14	2	56
14	2	57
14	2	58
14	2	59
14	2	60
14	2	61
14	2	62
14	2	63
14	2	64
14	2	65
14	2	66
14	2	67
14	2	68
14	2	69
14	2	70
14	2	71
14	2	72
14	2	73
14	2	74
14	2	75
14	2	76
14	2	77
14	2	78
14	2	79
14	2	80
14	2	81
14	2	82
14	2	83
14	2	84
14	2	85
14	2	86
14	2	87
14	2	88
14	2	89
14	2	90
14	2	91
14	2	92
14	2	93
14	2	94
14	2	95
14	2	96
14	2	97
14	2	229
14	2	230
14	2	231
14	2	232
14	2	233
14	2	234
14	2	235
14	2	236
14	2	237
14	2	238
14	2	239
14	2	240
14	3	48
14	3	49
14	3	50
14	3	51
14	3	52
14	3	53
14	3	54
14	3	55
14	3	56
14	3	57
14	3	58
14	3	59
14	3	60
14	3	61
14	3	62
14	3	63
14	3	64
14	3	65
14	3	66
14	3	67
14	3	68
14	3	69
14	3	70
14	3	71
14	3	72
14	3	73
14	3	74
14	3	75
14	3	76
14	3	77
14	3	78
14	3	79
14	3	80
14	3	81
14	3	82
14	3	83
14	3	84
14	3	85
14	3	86
14	3	87
14	3	88
14	3	89
14	3	90
14	3	91
14	3	92
14	3	93
14	3	94
14	3	95
14	3	96
14	3	97
14	3	229
14	3	230
14	3	231
14	3	232
14	3	233
14	3	234
14	3	235
14	3	236
14	3	237
14	3	238
14	3	239
14	3	240
15	0	48
15	0	49
15	0	50
15	0	51
15	0	52
15	0	53
15	0	54
15	0	55
15	0	56
15	0	57
15	0	58
15	0	59
15	0	60
15	0	61
15	0	62
15	0	63
15	0	64
15	0	65
15	0	66
15	0	67
15	0	68
15	0	69
15	0	70
15	0	71
15	0	72
15	0	73
15	0	74
15	0	75
15	0	76
15	0	77
15	0	78
15	0	79
15	0	80
15	0	81
15	0	82
15	0	83
15	0	84
15	0	85
15	0	86
15	0	87
15	0	88
15	0	89
15	0	90
15	0	91
15	0	92
15	0	93
15	0	94
15	0	95
15	0	96
15	0	97
15	0	229
15	0	230
15	0	231
15	0	232
15	0	233
15	0	234
15	0	235
15	0	236
15	0	237
15	0	238
15	0	239
15	0	240
15	1	48
15	1	49
15	1	50
15	1	51
15	1	52
15	1	53
15	1	54
15	1	55
15	1	56
15	1	57
15	1	58
15	1	59
15	1	60
15	1	61
15	1	62
15	1	63
15	1	64
15	1	65
15	1	66
15	1	67
15	1	68
15	1	69
15	1	70
15	1	71
15	1	72
15	1	73
15	1	74
15	1	75
15	1	76
15	1	77
15	1	78
15	1	79
15	1	80
15	1	81
15	1	82
15	1	83
15	1	84
15	1	85
15	1	86
15	1	87
15	1	88
15	1	89
15	1	90
15	1	91
15	1	92
15	1	93
15	1	94
15	1	95
15	1	96
15	1	97
15	1	229
15	1	230
15	1	231
15	1	232
15	1	233
15	1	234
15	1	235
15	1	236
15	1	237
15	1	238
15	1	239
15	1	240
15	2	48
15	2	49
15	2	50
15	2	51
15	2	52
15	2	53
15	2	54
15	2	55
15	2	56
15	2	57
15	2	58
15	2	59
15	2	60
15	2	61
15	2	62
15	2	63
15	2	64
15	2	65
15	2	66
15	2	67
15	2	68
15	2	69
15	2	70
15	2	71
15	2	72
15	2	73
15	2	74
15	2	75
15	2	76
15	2	77
15	2	78
15	2	79
15	2	80
15	2	81
15	2	82
15	2	83
15	2	84
15	2	85
15	2	86
15	2	87
15	2	88
15	2	89
15	2	90
15	2	91
15	2	92
15	2	93
15	2	94
15	2	95
15	2	96
15	2	97
15	2	229
15	2	230
15	2	231
15	2	232
15	2	233
15	2	234
15	2	235
15	2	236
15	2	237
15	2	238
15	2	239
15	2	240
15	3	48
15	3	49
15	3	50
15	3	51
15	3	52
15	3	53
15	3	54
15	3	55
15	3	56
15	3	57
15	3	58
15	3	59
15	3	60
15	3	61
15	3	62
15	3	63
15	3	64
15	3	65
15	3	66
15	3	67
15	3	68
15	3	69
15	3	70
15	3	71
15	3	72
15	3	73
15	3	74
15	3	75
15	3	76
15	3	77
15	3	78
15	3	79
15	3	80
15	3	81
15	3	82
15	3	83
15	3	84
15	3	85
15	3	86
15	3	87
15	3	88
15	3	89
15	3	90
15	3	91
15	3	92
15	3	93
15	3	94
15	3	95
15	3	96
15	3	97
15	3	229
15	3	230
15	3	231
15	3	232
15	3	233
15	3	234
15	3	235
15	3	236
15	3	237
15	3	238
15	3	239
15	3	240
16	0	48
16	0	49
16	0	50
16	0	51
16	0	52
16	0	53
16	0	54
16	0	55
16	0	56
16	0	57
16	0	58
16	0	59
16	0	60
16	0	61
16	0	62
16	0	63
16	0	64
16	0	65
16	0	66
16	0	67
16	0	68
16	0	69
16	0	70
16	0	71
16	0	72
16	0	73
16	0	74
16	0	75
16	0	76
16	0	77
16	0	78
16	0	79
16	0	80
16	0	81
16	0	82
16	0	83
16	0	84
16	0	85
16	0	86
16	0	87
16	0	88
16	0	89
16	0	90
16	0	91
16	0	92
16	0	93
16	0	94
16	0	95
16	0	96
16	0	97
16	0	229
16	0	230
16	0	231
16	0	232
16	0	233
16	0	234
16	0	235
16	0	236
16	0	237
16	0	238
16	0	239
16	0	240
16	1	48
16	1	49
16	1	50
16	1	51
16	1	52
16	1	53
16	1	54
16	1	55
16	1	56
16	1	57
16	1	58
16	1	59
16	1	60
16	1	61
16	1	62
16	1	63
16	1	64
16	1	65
16	1	66
16	1	67
16	1	68
16	1	69
16	1	70
16	1	71
16	1	72
16	1	73
16	1	74
16	1	75
16	1	76
16	1	77
16	1	78
16	1	79
16	1	80
16	1	81
16	1	82
16	1	83
16	1	84
16	1	85
16	1	86
16	1	87
16	1	88
16	1	89
16	1	90
16	1	91
16	1	92
16	1	93
16	1	94
16	1	95
16	1	96
16	1	97
16	1	229
16	1	230
16	1	231
16	1	232
16	1	233
16	1	234
16	1	235
16	1	236
16	1	237
16	1	238
16	1	239
16	1	240
16	2	48
16	2	49
16	2	50
16	2	51
16	2	52
16	2	53
16	2	54
16	2	55
16	2	56
16	2	57
16	2	58
16	2	59
16	2	60
16	2	61
16	2	62
16	2	63
16	2	64
16	2	65
16	2	66
16	2	67
16	2	68
16	2	69
16	2	70
16	2	71
16	2	72
16	2	73
16	2	74
16	2	75
16	2	76
16	2	77
16	2	78
16	2	79
16	2	80
16	2	81
16	2	82
16	2	83
16	2	84
16	2	85
16	2	86
16	2	87
16	2	88
16	2	89
16	2	90
16	2	91
16	2	92
16	2	93
16	2	94
16	2	95
16	2	96
16	2	97
16	2	229
16	2	230
16	2	231
16	2	232
16	2	233
16	2	234
16	2	235
16	2	236
16	2	237
16	2	238
16	2	239
16	2	240
16	3	48
16	3	49
16	3	50
16	3	51
16	3	52
16	3	53
16	3	54
16	3	55
16	3	56
16	3	57
16	3	58
16	3	59
16	3	60
16	3	61
16	3	62
16	3	63
16	3	64
16	3	65
16	3	66
16	3	67
16	3	68
16	3	69
16	3	70
16	3	71
16	3	72
16	3	73
16	3	74
16	3	75
16	3	76
16	3	77
16	3	78
16	3	79
16	3	80
16	3	81
16	3	82
16	3	83
16	3	84
16	3	85
16	3	86
16	3	87
16	3	88
16	3	89
16	3	90
16	3	91
16	3	92
16	3	93
16	3	94
16	3	95
16	3	96
16	3	97
16	3	229
16	3	230
16	3	231
16	3	232
16	3	233
16	3	234
16	3	235
16	3	236
16	3	237
16	3	238
16	3	239
16	3	240
17	0	48
17	0	49
17	0	50
17	0	51
17	0	52
17	0	53
17	0	54
17	0	55
17	0	56
17	0	57
17	0	58
17	0	59
17	0	60
17	0	61
17	0	62
17	0	63
17	0	64
17	0	65
17	0	66
17	0	67
17	0	68
17	0	69
17	0	70
17	0	71
17	0	72
17	0	73
17	0	74
17	0	75
17	0	76
17	0	77
17	0	78
17	0	79
17	0	80
17	0	81
17	0	82
17	0	83
17	0	84
17	0	85
17	0	86
17	0	87
17	0	88
17	0	89
17	0	90
17	0	91
17	0	92
17	0	93
17	0	94
17	0	95
17	0	96
17	0	97
17	0	229
17	0	230
17	0	231
17	0	232
17	0	233
17	0	234
17	0	235
17	0	236
17	0	237
17	0	238
17	0	239
17	0	240
17	1	48
17	1	49
17	1	50
17	1	51
17	1	52
17	1	53
17	1	54
17	1	55
17	1	56
17	1	57
17	1	58
17	1	59
17	1	60
17	1	61
17	1	62
17	1	63
17	1	64
17	1	65
17	1	66
17	1	67
17	1	68
17	1	69
17	1	70
17	1	71
17	1	72
17	1	73
17	1	74
17	1	75
17	1	76
17	1	77
17	1	78
17	1	79
17	1	80
17	1	81
17	1	82
17	1	83
17	1	84
17	1	85
17	1	86
17	1	87
17	1	88
17	1	89
17	1	90
17	1	91
17	1	92
17	1	93
17	1	94
17	1	95
17	1	96
17	1	97
17	1	229
17	1	230
17	1	231
17	1	232
17	1	233
17	1	234
17	1	235
17	1	236
17	1	237
17	1	238
17	1	239
17	1	240
17	2	48
17	2	49
17	2	50
17	2	51
17	2	52
17	2	53
17	2	54
17	2	55
17	2	56
17	2	57
17	2	58
17	2	59
17	2	60
17	2	61
17	2	62
17	2	63
17	2	64
17	2	65
17	2	66
17	2	67
17	2	68
17	2	69
17	2	70
17	2	71
17	2	72
17	2	73
17	2	74
17	2	75
17	2	76
17	2	77
17	2	78
17	2	79
17	2	80
17	2	81
17	2	82
17	2	83
17	2	84
17	2	85
17	2	86
17	2	87
17	2	88
17	2	89
17	2	90
17	2	91
17	2	92
17	2	93
17	2	94
17	2	95
17	2	96
17	2	97
17	2	229
17	2	230
17	2	231
17	2	232
17	2	233
17	2	234
17	2	235
17	2	236
17	2	237
17	2	238
17	2	239
17	2	240
17	3	48
17	3	49
17	3	50
17	3	51
17	3	52
17	3	53
17	3	54
17	3	55
17	3	56
17	3	57
17	3	58
17	3	59
17	3	60
17	3	61
17	3	62
17	3	63
17	3	64
17	3	65
17	3	66
17	3	67
17	3	68
17	3	69
17	3	70
17	3	71
17	3	72
17	3	73
17	3	74
17	3	75
17	3	76
17	3	77
17	3	78
17	3	79
17	3	80
17	3	81
17	3	82
17	3	83
17	3	84
17	3	85
17	3	86
17	3	87
17	3	88
17	3	89
17	3	90
17	3	91
17	3	92
17	3	93
17	3	94
17	3	95
17	3	96
17	3	97
17	3	229
17	3	230
17	3	231
17	3	232
17	3	233
17	3	234
17	3	235
17	3	236
17	3	237
17	3	238
17	3	239
17	3	240
18	0	48
18	0	49
18	0	50
18	0	51
18	0	52
18	0	53
18	0	54
18	0	55
18	0	56
18	0	57
18	0	58
18	0	59
18	0	60
18	0	61
18	0	62
18	0	63
18	0	64
18	0	65
18	0	66
18	0	67
18	0	68
18	0	69
18	0	70
18	0	71
18	0	72
18	0	73
18	0	74
18	0	75
18	0	76
18	0	77
18	0	78
18	0	79
18	0	80
18	0	81
18	0	82
18	0	83
18	0	84
18	0	85
18	0	86
18	0	87
18	0	88
18	0	89
18	0	90
18	0	91
18	0	92
18	0	93
18	0	94
18	0	95
18	0	96
18	0	97
18	0	229
18	0	230
18	0	231
18	0	232
18	0	233
18	0	234
18	0	235
18	0	236
18	0	237
18	0	238
18	0	239
18	0	240
18	1	48
18	1	49
18	1	50
18	1	51
18	1	52
18	1	53
18	1	54
18	1	55
18	1	56
18	1	57
18	1	58
18	1	59
18	1	60
18	1	61
18	1	62
18	1	63
18	1	64
18	1	65
18	1	66
18	1	67
18	1	68
18	1	69
18	1	70
18	1	71
18	1	72
18	1	73
18	1	74
18	1	75
18	1	76
18	1	77
18	1	78
18	1	79
18	1	80
18	1	81
18	1	82
18	1	83
18	1	84
18	1	85
18	1	86
18	1	87
18	1	88
18	1	89
18	1	90
18	1	91
18	1	92
18	1	93
18	1	94
18	1	95
18	1	96
18	1	97
18	1	229
18	1	230
18	1	231
18	1	232
18	1	233
18	1	234
18	1	235
18	1	236
18	1	237
18	1	238
18	1	239
18	1	240
18	2	48
18	2	49
18	2	50
18	2	51
18	2	52
18	2	53
18	2	54
18	2	55
18	2	56
18	2	57
18	2	58
18	2	59
18	2	60
18	2	61
18	2	62
18	2	63
18	2	64
18	2	65
18	2	66
18	2	67
18	2	68
18	2	69
18	2	70
18	2	71
18	2	72
18	2	73
18	2	74
18	2	75
18	2	76
18	2	77
18	2	78
18	2	79
18	2	80
18	2	81
18	2	82
18	2	83
18	2	84
18	2	85
18	2	86
18	2	87
18	2	88
18	2	89
18	2	90
18	2	91
18	2	92
18	2	93
18	2	94
18	2	95
18	2	96
18	2	97
18	2	229
18	2	230
18	2	231
18	2	232
18	2	233
18	2	234
18	2	235
18	2	236
18	2	237
18	2	238
18	2	239
18	2	240
18	3	48
18	3	49
18	3	50
18	3	51
18	3	52
18	3	53
18	3	54
18	3	55
18	3	56
18	3	57
18	3	58
18	3	59
18	3	60
18	3	61
18	3	62
18	3	63
18	3	64
18	3	65
18	3	66
18	3	67
18	3	68
18	3	69
18	3	70
18	3	71
18	3	72
18	3	73
18	3	74
18	3	75
18	3	76
18	3	77
18	3	78
18	3	79
18	3	80
18	3	81
18	3	82
18	3	83
18	3	84
18	3	85
18	3	86
18	3	87
18	3	88
18	3	89
18	3	90
18	3	91
18	3	92
18	3	93
18	3	94
18	3	95
18	3	96
18	3	97
18	3	229
18	3	230
18	3	231
18	3	232
18	3	233
18	3	234
18	3	235
18	3	236
18	3	237
18	3	238
18	3	239
18	3	240
19	0	48
19	0	49
19	0	50
19	0	51
19	0	52
19	0	53
19	0	54
19	0	55
19	0	56
19	0	57
19	0	58
19	0	59
19	0	60
19	0	61
19	0	62
19	0	63
19	0	64
19	0	65
19	0	66
19	0	67
19	0	68
19	0	69
19	0	70
19	0	71
19	0	72
19	0	73
19	0	74
19	0	75
19	0	76
19	0	77
19	0	78
19	0	79
19	0	80
19	0	81
19	0	82
19	0	83
19	0	84
19	0	85
19	0	86
19	0	87
19	0	88
19	0	89
19	0	90
19	0	91
19	0	92
19	0	93
19	0	94
19	0	95
19	0	96
19	0	97
19	0	229
19	0	230
19	0	231
19	0	232
19	0	233
19	0	234
19	0	235
19	0	236
19	0	237
19	0	238
19	0	239
19	0	240
19	1	48
19	1	49
19	1	50
19	1	51
19	1	52
19	1	53
19	1	54
19	1	55
19	1	56
19	1	57
19	1	58
19	1	59
19	1	60
19	1	61
19	1	62
19	1	63
19	1	64
19	1	65
19	1	66
19	1	67
19	1	68
19	1	69
19	1	70
19	1	71
19	1	72
19	1	73
19	1	74
19	1	75
19	1	76
19	1	77
19	1	78
19	1	79
19	1	80
19	1	81
19	1	82
19	1	83
19	1	84
19	1	85
19	1	86
19	1	87
19	1	88
19	1	89
19	1	90
19	1	91
19	1	92
19	1	93
19	1	94
19	1	95
19	1	96
19	1	97
19	1	229
19	1	230
19	1	231
19	1	232
19	1	233
19	1	234
19	1	235
19	1	236
19	1	237
19	1	238
19	1	239
19	1	240
19	2	48
19	2	49
19	2	50
19	2	51
19	2	52
19	2	53
19	2	54
19	2	55
19	2	56
19	2	57
19	2	58
19	2	59
19	2	60
19	2	61
19	2	62
19	2	63
19	2	64
19	2	65
19	2	66
19	2	67
19	2	68
19	2	69
19	2	70
19	2	71
19	2	72
19	2	73
19	2	74
19	2	75
19	2	76
19	2	77
19	2	78
19	2	79
19	2	80
19	2	81
19	2	82
19	2	83
19	2	84
19	2	85
19	2	86
19	2	87
19	2	88
19	2	89
19	2	90
19	2	91
19	2	92
19	2	93
19	2	94
19	2	95
19	2	96
19	2	97
19	2	229
19	2	230
19	2	231
19	2	232
19	2	233
19	2	234
19	2	235
19	2	236
19	2	237
19	2	238
19	2	239
19	2	240
19	3	48
19	3	49
19	3	50
19	3	51
19	3	52
19	3	53
19	3	54
19	3	55
19	3	56
19	3	57
19	3	58
19	3	59
19	3	60
19	3	61
19	3	62
19	3	63
19	3	64
19	3	65
19	3	66
19	3	67
19	3	68
19	3	69
19	3	70
19	3	71
19	3	72
19	3	73
19	3	74
19	3	75
19	3	76
19	3	77
19	3	78
19	3	79
19	3	80
19	3	81
19	3	82
19	3	83
19	3	84
19	3	85
19	3	86
19	3	87
19	3	88
19	3	89
19	3	90
19	3	91
19	3	92
19	3	93
19	3	94
19	3	95
19	3	96
19	3	97
19	3	229
19	3	230
19	3	231
19	3	232
19	3	233
19	3	234
19	3	235
19	3	236
19	3	237
19	3	238
19	3	239
19	3	240
20	0	48
20	0	49
20	0	50
20	0	51
20	0	52
20	0	53
20	0	54
20	0	55
20	0	56
20	0	57
20	0	58
20	0	59
20	0	60
20	0	61
20	0	62
20	0	63
20	0	64
20	0	65
20	0	66
20	0	67
20	0	68
20	0	69
20	0	70
20	0	71
20	0	72
20	0	73
20	0	74
20	0	75
20	0	76
20	0	77
20	0	78
20	0	79
20	0	80
20	0	81
20	0	82
20	0	83
20	0	84
20	0	85
20	0	86
20	0	87
20	0	88
20	0	89
20	0	90
20	0	91
20	0	92
20	0	93
20	0	94
20	0	95
20	0	96
20	0	97
20	0	229
20	0	230
20	0	231
20	0	232
20	0	233
20	0	234
20	0	235
20	0	236
20	0	237
20	0	238
20	0	239
20	0	240
20	1	48
20	1	49
20	1	50
20	1	51
20	1	52
20	1	53
20	1	54
20	1	55
20	1	56
20	1	57
20	1	58
20	1	59
20	1	60
20	1	61
20	1	62
20	1	63
20	1	64
20	1	65
20	1	66
20	1	67
20	1	68
20	1	69
20	1	70
20	1	71
20	1	72
20	1	73
20	1	74
20	1	75
20	1	76
20	1	77
20	1	78
20	1	79
20	1	80
20	1	81
20	1	82
20	1	83
20	1	84
20	1	85
20	1	86
20	1	87
20	1	88
20	1	89
20	1	90
20	1	91
20	1	92
20	1	93
20	1	94
20	1	95
20	1	96
20	1	97
20	1	229
20	1	230
20	1	231
20	1	232
20	1	233
20	1	234
20	1	235
20	1	236
20	1	237
20	1	238
20	1	239
20	1	240
20	2	48
20	2	49
20	2	50
20	2	51
20	2	52
20	2	53
20	2	54
20	2	55
20	2	56
20	2	57
20	2	58
20	2	59
20	2	60
20	2	61
20	2	62
20	2	63
20	2	64
20	2	65
20	2	66
20	2	67
20	2	68
20	2	69
20	2	70
20	2	71
20	2	72
20	2	73
20	2	74
20	2	75
20	2	76
20	2	77
20	2	78
20	2	79
20	2	80
20	2	81
20	2	82
20	2	83
20	2	84
20	2	85
20	2	86
20	2	87
20	2	88
20	2	89
20	2	90
20	2	91
20	2	92
20	2	93
20	2	94
20	2	95
20	2	96
20	2	97
20	2	229
20	2	230
20	2	231
20	2	232
20	2	233
20	2	234
20	2	235
20	2	236
20	2	237
20	2	238
20	2	239
20	2	240
20	3	48
20	3	49
20	3	50
20	3	51
20	3	52
20	3	53
20	3	54
20	3	55
20	3	56
20	3	57
20	3	58
20	3	59
20	3	60
20	3	61
20	3	62
20	3	63
20	3	64
20	3	65
20	3	66
20	3	67
20	3	68
20	3	69
20	3	70
20	3	71
20	3	72
20	3	73
20	3	74
20	3	75
20	3	76
20	3	77
20	3	78
20	3	79
20	3	80
20	3	81
20	3	82
20	3	83
20	3	84
20	3	85
20	3	86
20	3	87
20	3	88
20	3	89
20	3	90
20	3	91
20	3	92
20	3	93
20	3	94
20	3	95
20	3	96
20	3	97
20	3	229
20	3	230
20	3	231
20	3	232
20	3	233
20	3	234
20	3	235
20	3	236
20	3	237
20	3	238
20	3	239
20	3	240
21	0	48
21	0	49
21	0	50
21	0	51
21	0	52
21	0	53
21	0	54
21	0	55
21	0	56
21	0	57
21	0	58
21	0	59
21	0	60
21	0	61
21	0	62
21	0	63
21	0	64
21	0	65
21	0	66
21	0	67
21	0	68
21	0	69
21	0	70
21	0	71
21	0	72
21	0	73
21	0	74
21	0	75
21	0	76
21	0	77
21	0	78
21	0	79
21	0	80
21	0	81
21	0	82
21	0	83
21	0	84
21	0	85
21	0	86
21	0	87
21	0	88
21	0	89
21	0	90
21	0	91
21	0	92
21	0	93
21	0	94
21	0	95
21	0	96
21	0	97
21	0	229
21	0	230
21	0	231
21	0	232
21	0	233
21	0	234
21	0	235
21	0	236
21	0	237
21	0	238
21	0	239
21	0	240
21	1	48
21	1	49
21	1	50
21	1	51
21	1	52
21	1	53
21	1	54
21	1	55
21	1	56
21	1	57
21	1	58
21	1	59
21	1	60
21	1	61
21	1	62
21	1	63
21	1	64
21	1	65
21	1	66
21	1	67
21	1	68
21	1	69
21	1	70
21	1	71
21	1	72
21	1	73
21	1	74
21	1	75
21	1	76
21	1	77
21	1	78
21	1	79
21	1	80
21	1	81
21	1	82
21	1	83
21	1	84
21	1	85
21	1	86
21	1	87
21	1	88
21	1	89
21	1	90
21	1	91
21	1	92
21	1	93
21	1	94
21	1	95
21	1	96
21	1	97
21	1	229
21	1	230
21	1	231
21	1	232
21	1	233
21	1	234
21	1	235
21	1	236
21	1	237
21	1	238
21	1	239
21	1	240
21	2	48
21	2	49
21	2	50
21	2	51
21	2	52
21	2	53
21	2	54
21	2	55
21	2	56
21	2	57
21	2	58
21	2	59
21	2	60
21	2	61
21	2	62
21	2	63
21	2	64
21	2	65
21	2	66
21	2	67
21	2	68
21	2	69
21	2	70
21	2	71
21	2	72
21	2	73
21	2	74
21	2	75
21	2	76
21	2	77
21	2	78
21	2	79
21	2	80
21	2	81
21	2	82
21	2	83
21	2	84
21	2	85
21	2	86
21	2	87
21	2	88
21	2	89
21	2	90
21	2	91
21	2	92
21	2	93
21	2	94
21	2	95
21	2	96
21	2	97
21	2	229
21	2	230
21	2	231
21	2	232
21	2	233
21	2	234
21	2	235
21	2	236
21	2	237
21	2	238
21	2	239
21	2	240
21	3	48
21	3	49
21	3	50
21	3	51
21	3	52
21	3	53
21	3	54
21	3	55
21	3	56
21	3	57
21	3	58
21	3	59
21	3	60
21	3	61
21	3	62
21	3	63
21	3	64
21	3	65
21	3	66
21	3	67
21	3	68
21	3	69
21	3	70
21	3	71
21	3	72
21	3	73
21	3	74
21	3	75
21	3	76
21	3	77
21	3	78
21	3	79
21	3	80
21	3	81
21	3	82
21	3	83
21	3	84
21	3	85
21	3	86
21	3	87
21	3	88
21	3	89
21	3	90
21	3	91
21	3	92
21	3	93
21	3	94
21	3	95
21	3	96
21	3	97
21	3	229
21	3	230
21	3	231
21	3	232
21	3	233
21	3	234
21	3	235
21	3	236
21	3	237
21	3	238
21	3	239
21	3	240
22	0	48
22	0	49
22	0	50
22	0	51
22	0	52
22	0	53
22	0	54
22	0	55
22	0	56
22	0	57
22	0	58
22	0	59
22	0	60
22	0	61
22	0	62
22	0	63
22	0	64
22	0	65
22	0	66
22	0	67
22	0	68
22	0	69
22	0	70
22	0	71
22	0	72
22	0	73
22	0	74
22	0	75
22	0	76
22	0	77
22	0	78
22	0	79
22	0	80
22	0	81
22	0	82
22	0	83
22	0	84
22	0	85
22	0	86
22	0	87
22	0	88
22	0	89
22	0	90
22	0	91
22	0	92
22	0	93
22	0	94
22	0	95
22	0	96
22	0	97
22	0	229
22	0	230
22	0	231
22	0	232
22	0	233
22	0	234
22	0	235
22	0	236
22	0	237
22	0	238
22	0	239
22	0	240
22	1	48
22	1	49
22	1	50
22	1	51
22	1	52
22	1	53
22	1	54
22	1	55
22	1	56
22	1	57
22	1	58
22	1	59
22	1	60
22	1	61
22	1	62
22	1	63
22	1	64
22	1	65
22	1	66
22	1	67
22	1	68
22	1	69
22	1	70
22	1	71
22	1	72
22	1	73
22	1	74
22	1	75
22	1	76
22	1	77
22	1	78
22	1	79
22	1	80
22	1	81
22	1	82
22	1	83
22	1	84
22	1	85
22	1	86
22	1	87
22	1	88
22	1	89
22	1	90
22	1	91
22	1	92
22	1	93
22	1	94
22	1	95
22	1	96
22	1	97
22	1	229
22	1	230
22	1	231
22	1	232
22	1	233
22	1	234
22	1	235
22	1	236
22	1	237
22	1	238
22	1	239
22	1	240
22	2	48
22	2	49
22	2	50
22	2	51
22	2	52
22	2	53
22	2	54
22	2	55
22	2	56
22	2	57
22	2	58
22	2	59
22	2	60
22	2	61
22	2	62
22	2	63
22	2	64
22	2	65
22	2	66
22	2	67
22	2	68
22	2	69
22	2	70
22	2	71
22	2	72
22	2	73
22	2	74
22	2	75
22	2	76
22	2	77
22	2	78
22	2	79
22	2	80
22	2	81
22	2	82
22	2	83
22	2	84
22	2	85
22	2	86
22	2	87
22	2	88
22	2	89
22	2	90
22	2	91
22	2	92
22	2	93
22	2	94
22	2	95
22	2	96
22	2	97
22	2	229
22	2	230
22	2	231
22	2	232
22	2	233
22	2	234
22	2	235
22	2	236
22	2	237
22	2	238
22	2	239
22	2	240
22	3	48
22	3	49
22	3	50
22	3	51
22	3	52
22	3	53
22	3	54
22	3	55
22	3	56
22	3	57
22	3	58
22	3	59
22	3	60
22	3	61
22	3	62
22	3	63
22	3	64
22	3	65
22	3	66
22	3	67
22	3	68
22	3	69
22	3	70
22	3	71
22	3	72
22	3	73
22	3	74
22	3	75
22	3	76
22	3	77
22	3	78
22	3	79
22	3	80
22	3	81
22	3	82
22	3	83
22	3	84
22	3	85
22	3	86
22	3	87
22	3	88
22	3	89
22	3	90
22	3	91
22	3	92
22	3	93
22	3	94
22	3	95
22	3	96
22	3	97
22	3	229
22	3	230
22	3	231
22	3	232
22	3	233
22	3	234
22	3	235
22	3	236
22	3	237
22	3	238
22	3	239
22	3	240
23	0	48
23	0	49
23	0	50
23	0	51
23	0	52
23	0	53
23	0	54
23	0	55
23	0	56
23	0	57
23	0	58
23	0	59
23	0	60
23	0	61
23	0	62
23	0	63
23	0	64
23	0	65
23	0	66
23	0	67
23	0	68
23	0	69
23	0	70
23	0	71
23	0	72
23	0	73
23	0	74
23	0	75
23	0	76
23	0	77
23	0	78
23	0	79
23	0	80
23	0	81
23	0	82
23	0	83
23	0	84
23	0	85
23	0	86
23	0	87
23	0	88
23	0	89
23	0	90
23	0	91
23	0	92
23	0	93
23	0	94
23	0	95
23	0	96
23	0	97
23	0	229
23	0	230
23	0	231
23	0	232
23	0	233
23	0	234
23	0	235
23	0	236
23	0	237
23	0	238
23	0	239
23	0	240
23	1	48
23	1	49
23	1	50
23	1	51
23	1	52
23	1	53
23	1	54
23	1	55
23	1	56
23	1	57
23	1	58
23	1	59
23	1	60
23	1	61
23	1	62
23	1	63
23	1	64
23	1	65
23	1	66
23	1	67
23	1	68
23	1	69
23	1	70
23	1	71
23	1	72
23	1	73
23	1	74
23	1	75
23	1	76
23	1	77
23	1	78
23	1	79
23	1	80
23	1	81
23	1	82
23	1	83
23	1	84
23	1	85
23	1	86
23	1	87
23	1	88
23	1	89
23	1	90
23	1	91
23	1	92
23	1	93
23	1	94
23	1	95
23	1	96
23	1	97
23	1	229
23	1	230
23	1	231
23	1	232
23	1	233
23	1	234
23	1	235
23	1	236
23	1	237
23	1	238
23	1	239
23	1	240
23	2	48
23	2	49
23	2	50
23	2	51
23	2	52
23	2	53
23	2	54
23	2	55
23	2	56
23	2	57
23	2	58
23	2	59
23	2	60
23	2	61
23	2	62
23	2	63
23	2	64
23	2	65
23	2	66
23	2	67
23	2	68
23	2	69
23	2	70
23	2	71
23	2	72
23	2	73
23	2	74
23	2	75
23	2	76
23	2	77
23	2	78
23	2	79
23	2	80
23	2	81
23	2	82
23	2	83
23	2	84
23	2	85
23	2	86
23	2	87
23	2	88
23	2	89
23	2	90
23	2	91
23	2	92
23	2	93
23	2	94
23	2	95
23	2	96
23	2	97
23	2	229
23	2	230
23	2	231
23	2	232
23	2	233
23	2	234
23	2	235
23	2	236
23	2	237
23	2	238
23	2	239
23	2	240
23	3	48
23	3	49
23	3	50
23	3	51
23	3	52
23	3	53
23	3	54
23	3	55
23	3	56
23	3	57
23	3	58
23	3	59
23	3	60
23	3	61
23	3	62
23	3	63
23	3	64
23	3	65
23	3	66
23	3	67
23	3	68
23	3	69
23	3	70
23	3	71
23	3	72
23	3	73
23	3	74
23	3	75
23	3	76
23	3	77
23	3	78
23	3	79
23	3	80
23	3	81
23	3	82
23	3	83
23	3	84
23	3	85
23	3	86
23	3	87
23	3	88
23	3	89
23	3	90
23	3	91
23	3	92
23	3	93
23	3	94
23	3	95
23	3	96
23	3	97
23	3	229
23	3	230
23	3	231
23	3	232
23	3	233
23	3	234
23	3	235
23	3	236
23	3	237
23	3	238
23	3	239
23	3	240
24	0	48
24	0	49
24	0	50
24	0	51
24	0	52
24	0	53
24	0	54
24	0	55
24	0	56
24	0	57
24	0	58
24	0	59
24	0	60
24	0	61
24	0	62
24	0	63
24	0	64
24	0	65
24	0	66
24	0	67
24	0	68
24	0	69
24	0	70
24	0	71
24	0	72
24	0	73
24	0	74
24	0	75
24	0	76
24	0	77
24	0	78
24	0	79
24	0	80
24	0	81
24	0	82
24	0	83
24	0	84
24	0	85
24	0	86
24	0	87
24	0	88
24	0	89
24	0	90
24	0	91
24	0	92
24	0	93
24	0	94
24	0	95
24	0	96
24	0	97
24	0	229
24	0	230
24	0	231
24	0	232
24	0	233
24	0	234
24	0	235
24	0	236
24	0	237
24	0	238
24	0	239
24	0	240
24	1	48
24	1	49
24	1	50
24	1	51
24	1	52
24	1	53
24	1	54
24	1	55
24	1	56
24	1	57
24	1	58
24	1	59
24	1	60
24	1	61
24	1	62
24	1	63
24	1	64
24	1	65
24	1	66
24	1	67
24	1	68
24	1	69
24	1	70
24	1	71
24	1	72
24	1	73
24	1	74
24	1	75
24	1	76
24	1	77
24	1	78
24	1	79
24	1	80
24	1	81
24	1	82
24	1	83
24	1	84
24	1	85
24	1	86
24	1	87
24	1	88
24	1	89
24	1	90
24	1	91
24	1	92
24	1	93
24	1	94
24	1	95
24	1	96
24	1	97
24	1	229
24	1	230
24	1	231
24	1	232
24	1	233
24	1	234
24	1	235
24	1	236
24	1	237
24	1	238
24	1	239
24	1	240
24	2	48
24	2	49
24	2	50
24	2	51
24	2	52
24	2	53
24	2	54
24	2	55
24	2	56
24	2	57
24	2	58
24	2	59
24	2	60
24	2	61
24	2	62
24	2	63
24	2	64
24	2	65
24	2	66
24	2	67
24	2	68
24	2	69
24	2	70
24	2	71
24	2	72
24	2	73
24	2	74
24	2	75
24	2	76
24	2	77
24	2	78
24	2	79
24	2	80
24	2	81
24	2	82
24	2	83
24	2	84
24	2	85
24	2	86
24	2	87
24	2	88
24	2	89
24	2	90
24	2	91
24	2	92
24	2	93
24	2	94
24	2	95
24	2	96
24	2	97
24	2	229
24	2	230
24	2	231
24	2	232
24	2	233
24	2	234
24	2	235
24	2	236
24	2	237
24	2	238
24	2	239
24	2	240
24	3	48
24	3	49
24	3	50
24	3	51
24	3	52
24	3	53
24	3	54
24	3	55
24	3	56
24	3	57
24	3	58
24	3	59
24	3	60
24	3	61
24	3	62
24	3	63
24	3	64
24	3	65
24	3	66
24	3	67
24	3	68
24	3	69
24	3	70
24	3	71
24	3	72
24	3	73
24	3	74
24	3	75
24	3	76
24	3	77
24	3	78
24	3	79
24	3	80
24	3	81
24	3	82
24	3	83
24	3	84
24	3	85
24	3	86
24	3	87
24	3	88
24	3	89
24	3	90
24	3	91
24	3	92
24	3	93
24	3	94
24	3	95
24	3	96
24	3	97
24	3	229
24	3	230
24	3	231
24	3	232
24	3	233
24	3	234
24	3	235
24	3	236
24	3	237
24	3	238
24	3	239
24	3	240
25	0	48
25	0	49
25	0	50
25	0	51
25	0	52
25	0	53
25	0	54
25	0	55
25	0	56
25	0	57
25	0	58
25	0	59
25	0	60
25	0	61
25	0	62
25	0	63
25	0	64
25	0	65
25	0	66
25	0	67
25	0	68
25	0	69
25	0	70
25	0	71
25	0	72
25	0	73
25	0	74
25	0	75
25	0	76
25	0	77
25	0	78
25	0	79
25	0	80
25	0	81
25	0	82
25	0	83
25	0	84
25	0	85
25	0	86
25	0	87
25	0	88
25	0	89
25	0	90
25	0	91
25	0	92
25	0	93
25	0	94
25	0	95
25	0	96
25	0	97
25	0	229
25	0	230
25	0	231
25	0	232
25	0	233
25	0	234
25	0	235
25	0	236
25	0	237
25	0	238
25	0	239
25	0	240
25	1	48
25	1	49
25	1	50
25	1	51
25	1	52
25	1	53
25	1	54
25	1	55
25	1	56
25	1	57
25	1	58
25	1	59
25	1	60
25	1	61
25	1	62
25	1	63
25	1	64
25	1	65
25	1	66
25	1	67
25	1	68
25	1	69
25	1	70
25	1	71
25	1	72
25	1	73
25	1	74
25	1	75
25	1	76
25	1	77
25	1	78
25	1	79
25	1	80
25	1	81
25	1	82
25	1	83
25	1	84
25	1	85
25	1	86
25	1	87
25	1	88
25	1	89
25	1	90
25	1	91
25	1	92
25	1	93
25	1	94
25	1	95
25	1	96
25	1	97
25	1	229
25	1	230
25	1	231
25	1	232
25	1	233
25	1	234
25	1	235
25	1	236
25	1	237
25	1	238
25	1	239
25	1	240
25	2	48
25	2	49
25	2	50
25	2	51
25	2	52
25	2	53
25	2	54
25	2	55
25	2	56
25	2	57
25	2	58
25	2	59
25	2	60
25	2	61
25	2	62
25	2	63
25	2	64
25	2	65
25	2	66
25	2	67
25	2	68
25	2	69
25	2	70
25	2	71
25	2	72
25	2	73
25	2	74
25	2	75
25	2	76
25	2	77
25	2	78
25	2	79
25	2	80
25	2	81
25	2	82
25	2	83
25	2	84
25	2	85
25	2	86
25	2	87
25	2	88
25	2	89
25	2	90
25	2	91
25	2	92
25	2	93
25	2	94
25	2	95
25	2	96
25	2	97
25	2	229
25	2	230
25	2	231
25	2	232
25	2	233
25	2	234
25	2	235
25	2	236
25	2	237
25	2	238
25	2	239
25	2	240
25	3	48
25	3	49
25	3	50
25	3	51
25	3	52
25	3	53
25	3	54
25	3	55
25	3	56
25	3	57
25	3	58
25	3	59
25	3	60
25	3	61
25	3	62
25	3	63
25	3	64
25	3	65
25	3	66
25	3	67
25	3	68
25	3	69
25	3	70
25	3	71
25	3	72
25	3	73
25	3	74
25	3	75
25	3	76
25	3	77
25	3	78
25	3	79
25	3	80
25	3	81
25	3	82
25	3	83
25	3	84
25	3	85
25	3	86
25	3	87
25	3	88
25	3	89
25	3	90
25	3	91
25	3	92
25	3	93
25	3	94
25	3	95
25	3	96
25	3	97
25	3	229
25	3	230
25	3	231
25	3	232
25	3	233
25	3	234
25	3	235
25	3	236
25	3	237
25	3	238
25	3	239
25	3	240
26	0	48
26	0	49
26	0	50
26	0	51
26	0	52
26	0	53
26	0	54
26	0	55
26	0	56
26	0	57
26	0	58
26	0	59
26	0	60
26	0	61
26	0	62
26	0	63
26	0	64
26	0	65
26	0	66
26	0	67
26	0	68
26	0	69
26	0	70
26	0	71
26	0	72
26	0	73
26	0	74
26	0	75
26	0	76
26	0	77
26	0	78
26	0	79
26	0	80
26	0	81
26	0	82
26	0	83
26	0	84
26	0	85
26	0	86
26	0	87
26	0	88
26	0	89
26	0	90
26	0	91
26	0	92
26	0	93
26	0	94
26	0	95
26	0	96
26	0	97
26	0	229
26	0	230
26	0	231
26	0	232
26	0	233
26	0	234
26	0	235
26	0	236
26	0	237
26	0	238
26	0	239
26	0	240
26	1	48
26	1	49
26	1	50
26	1	51
26	1	52
26	1	53
26	1	54
26	1	55
26	1	56
26	1	57
26	1	58
26	1	59
26	1	60
26	1	61
26	1	62
26	1	63
26	1	64
26	1	65
26	1	66
26	1	67
26	1	68
26	1	69
26	1	70
26	1	71
26	1	72
26	1	73
26	1	74
26	1	75
26	1	76
26	1	77
26	1	78
26	1	79
26	1	80
26	1	81
26	1	82
26	1	83
26	1	84
26	1	85
26	1	86
26	1	87
26	1	88
26	1	89
26	1	90
26	1	91
26	1	92
26	1	93
26	1	94
26	1	95
26	1	96
26	1	97
26	1	229
26	1	230
26	1	231
26	1	232
26	1	233
26	1	234
26	1	235
26	1	236
26	1	237
26	1	238
26	1	239
26	1	240
26	2	48
26	2	49
26	2	50
26	2	51
26	2	52
26	2	53
26	2	54
26	2	55
26	2	56
26	2	57
26	2	58
26	2	59
26	2	60
26	2	61
26	2	62
26	2	63
26	2	64
26	2	65
26	2	66
26	2	67
26	2	68
26	2	69
26	2	70
26	2	71
26	2	72
26	2	73
26	2	74
26	2	75
26	2	76
26	2	77
26	2	78
26	2	79
26	2	80
26	2	81
26	2	82
26	2	83
26	2	84
26	2	85
26	2	86
26	2	87
26	2	88
26	2	89
26	2	90
26	2	91
26	2	92
26	2	93
26	2	94
26	2	95
26	2	96
26	2	97
26	2	229
26	2	230
26	2	231
26	2	232
26	2	233
26	2	234
26	2	235
26	2	236
26	2	237
26	2	238
26	2	239
26	2	240
26	3	48
26	3	49
26	3	50
26	3	51
26	3	52
26	3	53
26	3	54
26	3	55
26	3	56
26	3	57
26	3	58
26	3	59
26	3	60
26	3	61
26	3	62
26	3	63
26	3	64
26	3	65
26	3	66
26	3	67
26	3	68
26	3	69
26	3	70
26	3	71
26	3	72
26	3	73
26	3	74
26	3	75
26	3	76
26	3	77
26	3	78
26	3	79
26	3	80
26	3	81
26	3	82
26	3	83
26	3	84
26	3	85
26	3	86
26	3	87
26	3	88
26	3	89
26	3	90
26	3	91
26	3	92
26	3	93
26	3	94
26	3	95
26	3	96
26	3	97
26	3	229
26	3	230
26	3	231
26	3	232
26	3	233
26	3	234
26	3	235
26	3	236
26	3	237
26	3	238
26	3	239
26	3	240
27	0	48
27	0	49
27	0	50
27	0	51
27	0	52
27	0	53
27	0	54
27	0	55
27	0	56
27	0	57
27	0	58
27	0	59
27	0	60
27	0	61
27	0	62
27	0	63
27	0	64
27	0	65
27	0	66
27	0	67
27	0	68
27	0	69
27	0	70
27	0	71
27	0	72
27	0	73
27	0	74
27	0	75
27	0	76
27	0	77
27	0	78
27	0	79
27	0	80
27	0	81
27	0	82
27	0	83
27	0	84
27	0	85
27	0	86
27	0	87
27	0	88
27	0	89
27	0	90
27	0	91
27	0	92
27	0	93
27	0	94
27	0	95
27	0	96
27	0	97
27	0	229
27	0	230
27	0	231
27	0	232
27	0	233
27	0	234
27	0	235
27	0	236
27	0	237
27	0	238
27	0	239
27	0	240
27	1	48
27	1	49
27	1	50
27	1	51
27	1	52
27	1	53
27	1	54
27	1	55
27	1	56
27	1	57
27	1	58
27	1	59
27	1	60
27	1	61
27	1	62
27	1	63
27	1	64
27	1	65
27	1	66
27	1	67
27	1	68
27	1	69
27	1	70
27	1	71
27	1	72
27	1	73
27	1	74
27	1	75
27	1	76
27	1	77
27	1	78
27	1	79
27	1	80
27	1	81
27	1	82
27	1	83
27	1	84
27	1	85
27	1	86
27	1	87
27	1	88
27	1	89
27	1	90
27	1	91
27	1	92
27	1	93
27	1	94
27	1	95
27	1	96
27	1	97
27	1	229
27	1	230
27	1	231
27	1	232
27	1	233
27	1	234
27	1	235
27	1	236
27	1	237
27	1	238
27	1	239
27	1	240
27	2	48
27	2	49
27	2	50
27	2	51
27	2	52
27	2	53
27	2	54
27	2	55
27	2	56
27	2	57
27	2	58
27	2	59
27	2	60
27	2	61
27	2	62
27	2	63
27	2	64
27	2	65
27	2	66
27	2	67
27	2	68
27	2	69
27	2	70
27	2	71
27	2	72
27	2	73
27	2	74
27	2	75
27	2	76
27	2	77
27	2	78
27	2	79
27	2	80
27	2	81
27	2	82
27	2	83
27	2	84
27	2	85
27	2	86
27	2	87
27	2	88
27	2	89
27	2	90
27	2	91
27	2	92
27	2	93
27	2	94
27	2	95
27	2	96
27	2	97
27	2	229
27	2	230
27	2	231
27	2	232
27	2	233
27	2	234
27	2	235
27	2	236
27	2	237
27	2	238
27	2	239
27	2	240
27	3	48
27	3	49
27	3	50
27	3	51
27	3	52
27	3	53
27	3	54
27	3	55
27	3	56
27	3	57
27	3	58
27	3	59
27	3	60
27	3	61
27	3	62
27	3	63
27	3	64
27	3	65
27	3	66
27	3	67
27	3	68
27	3	69
27	3	70
27	3	71
27	3	72
27	3	73
27	3	74
27	3	75
27	3	76
27	3	77
27	3	78
27	3	79
27	3	80
27	3	81
27	3	82
27	3	83
27	3	84
27	3	85
27	3	86
27	3	87
27	3	88
27	3	89
27	3	90
27	3	91
27	3	92
27	3	93
27	3	94
27	3	95
27	3	96
27	3	97
27	3	229
27	3	230
27	3	231
27	3	232
27	3	233
27	3	234
27	3	235
27	3	236
27	3	237
27	3	238
27	3	239
27	3	240
28	0	48
28	0	49
28	0	50
28	0	51
28	0	52
28	0	53
28	0	54
28	0	55
28	0	56
28	0	57
28	0	58
28	0	59
28	0	60
28	0	61
28	0	62
28	0	63
28	0	64
28	0	65
28	0	66
28	0	67
28	0	68
28	0	69
28	0	70
28	0	71
28	0	72
28	0	73
28	0	74
28	0	75
28	0	76
28	0	77
28	0	78
28	0	79
28	0	80
28	0	81
28	0	82
28	0	83
28	0	84
28	0	85
28	0	86
28	0	87
28	0	88
28	0	89
28	0	90
28	0	91
28	0	92
28	0	93
28	0	94
28	0	95
28	0	96
28	0	97
28	0	229
28	0	230
28	0	231
28	0	232
28	0	233
28	0	234
28	0	235
28	0	236
28	0	237
28	0	238
28	0	239
28	0	240
28	1	48
28	1	49
28	1	50
28	1	51
28	1	52
28	1	53
28	1	54
28	1	55
28	1	56
28	1	57
28	1	58
28	1	59
28	1	60
28	1	61
28	1	62
28	1	63
28	1	64
28	1	65
28	1	66
28	1	67
28	1	68
28	1	69
28	1	70
28	1	71
28	1	72
28	1	73
28	1	74
28	1	75
28	1	76
28	1	77
28	1	78
28	1	79
28	1	80
28	1	81
28	1	82
28	1	83
28	1	84
28	1	85
28	1	86
28	1	87
28	1	88
28	1	89
28	1	90
28	1	91
28	1	92
28	1	93
28	1	94
28	1	95
28	1	96
28	1	97
28	1	229
28	1	230
28	1	231
28	1	232
28	1	233
28	1	234
28	1	235
28	1	236
28	1	237
28	1	238
28	1	239
28	1	240
28	2	48
28	2	49
28	2	50
28	2	51
28	2	52
28	2	53
28	2	54
28	2	55
28	2	56
28	2	57
28	2	58
28	2	59
28	2	60
28	2	61
28	2	62
28	2	63
28	2	64
28	2	65
28	2	66
28	2	67
28	2	68
28	2	69
28	2	70
28	2	71
28	2	72
28	2	73
28	2	74
28	2	75
28	2	76
28	2	77
28	2	78
28	2	79
28	2	80
28	2	81
28	2	82
28	2	83
28	2	84
28	2	85
28	2	86
28	2	87
28	2	88
28	2	89
28	2	90
28	2	91
28	2	92
28	2	93
28	2	94
28	2	95
28	2	96
28	2	97
28	2	229
28	2	230
28	2	231
28	2	232
28	2	233
28	2	234
28	2	235
28	2	236
28	2	237
28	2	238
28	2	239
28	2	240
28	3	48
28	3	49
28	3	50
28	3	51
28	3	52
28	3	53
28	3	54
28	3	55
28	3	56
28	3	57
28	3	58
28	3	59
28	3	60
28	3	61
28	3	62
28	3	63
28	3	64
28	3	65
28	3	66
28	3	67
28	3	68
28	3	69
28	3	70
28	3	71
28	3	72
28	3	73
28	3	74
28	3	75
28	3	76
28	3	77
28	3	78
28	3	79
28	3	80
28	3	81
28	3	82
28	3	83
28	3	84
28	3	85
28	3	86
28	3	87
28	3	88
28	3	89
28	3	90
28	3	91
28	3	92
28	3	93
28	3	94
28	3	95
28	3	96
28	3	97
28	3	229
28	3	230
28	3	231
28	3	232
28	3	233
28	3	234
28	3	235
28	3	236
28	3	237
28	3	238
28	3	239
28	3	240
29	0	48
29	0	49
29	0	50
29	0	51
29	0	52
29	0	53
29	0	54
29	0	55
29	0	56
29	0	57
29	0	58
29	0	59
29	0	60
29	0	61
29	0	62
29	0	63
29	0	64
29	0	65
29	0	66
29	0	67
29	0	68
29	0	69
29	0	70
29	0	71
29	0	72
29	0	73
29	0	74
29	0	75
29	0	76
29	0	77
29	0	78
29	0	79
29	0	80
29	0	81
29	0	82
29	0	83
29	0	84
29	0	85
29	0	86
29	0	87
29	0	88
29	0	89
29	0	90
29	0	91
29	0	92
29	0	93
29	0	94
29	0	95
29	0	96
29	0	97
29	0	229
29	0	230
29	0	231
29	0	232
29	0	233
29	0	234
29	0	235
29	0	236
29	0	237
29	0	238
29	0	239
29	0	240
29	1	48
29	1	49
29	1	50
29	1	51
29	1	52
29	1	53
29	1	54
29	1	55
29	1	56
29	1	57
29	1	58
29	1	59
29	1	60
29	1	61
29	1	62
29	1	63
29	1	64
29	1	65
29	1	66
29	1	67
29	1	68
29	1	69
29	1	70
29	1	71
29	1	72
29	1	73
29	1	74
29	1	75
29	1	76
29	1	77
29	1	78
29	1	79
29	1	80
29	1	81
29	1	82
29	1	83
29	1	84
29	1	85
29	1	86
29	1	87
29	1	88
29	1	89
29	1	90
29	1	91
29	1	92
29	1	93
29	1	94
29	1	95
29	1	96
29	1	97
29	1	229
29	1	230
29	1	231
29	1	232
29	1	233
29	1	234
29	1	235
29	1	236
29	1	237
29	1	238
29	1	239
29	1	240
29	2	48
29	2	49
29	2	50
29	2	51
29	2	52
29	2	53
29	2	54
29	2	55
29	2	56
29	2	57
29	2	58
29	2	59
29	2	60
29	2	61
29	2	62
29	2	63
29	2	64
29	2	65
29	2	66
29	2	67
29	2	68
29	2	69
29	2	70
29	2	71
29	2	72
29	2	73
29	2	74
29	2	75
29	2	76
29	2	77
29	2	78
29	2	79
29	2	80
29	2	81
29	2	82
29	2	83
29	2	84
29	2	85
29	2	86
29	2	87
29	2	88
29	2	89
29	2	90
29	2	91
29	2	92
29	2	93
29	2	94
29	2	95
29	2	96
29	2	97
29	2	229
29	2	230
29	2	231
29	2	232
29	2	233
29	2	234
29	2	235
29	2	236
29	2	237
29	2	238
29	2	239
29	2	240
29	3	48
29	3	49
29	3	50
29	3	51
29	3	52
29	3	53
29	3	54
29	3	55
29	3	56
29	3	57
29	3	58
29	3	59
29	3	60
29	3	61
29	3	62
29	3	63
29	3	64
29	3	65
29	3	66
29	3	67
29	3	68
29	3	69
29	3	70
29	3	71
29	3	72
29	3	73
29	3	74
29	3	75
29	3	76
29	3	77
29	3	78
29	3	79
29	3	80
29	3	81
29	3	82
29	3	83
29	3	84
29	3	85
29	3	86
29	3	87
29	3	88
29	3	89
29	3	90
29	3	91
29	3	92
29	3	93
29	3	94
29	3	95
29	3	96
29	3	97
29	3	229
29	3	230
29	3	231
29	3	232
29	3	233
29	3	234
29	3	235
29	3	236
29	3	237
29	3	238
29	3	239
29	3	240
30	0	48
30	0	49
30	0	50
30	0	51
30	0	52
30	0	53
30	0	54
30	0	55
30	0	56
30	0	57
30	0	58
30	0	59
30	0	60
30	0	61
30	0	62
30	0	63
30	0	64
30	0	65
30	0	66
30	0	67
30	0	68
30	0	69
30	0	70
30	0	71
30	0	72
30	0	73
30	0	74
30	0	75
30	0	76
30	0	77
30	0	78
30	0	79
30	0	80
30	0	81
30	0	82
30	0	83
30	0	84
30	0	85
30	0	86
30	0	87
30	0	88
30	0	89
30	0	90
30	0	91
30	0	92
30	0	93
30	0	94
30	0	95
30	0	96
30	0	97
30	0	229
30	0	230
30	0	231
30	0	232
30	0	233
30	0	234
30	0	235
30	0	236
30	0	237
30	0	238
30	0	239
30	0	240
30	1	48
30	1	49
30	1	50
30	1	51
30	1	52
30	1	53
30	1	54
30	1	55
30	1	56
30	1	57
30	1	58
30	1	59
30	1	60
30	1	61
30	1	62
30	1	63
30	1	64
30	1	65
30	1	66
30	1	67
30	1	68
30	1	69
30	1	70
30	1	71
30	1	72
30	1	73
30	1	74
30	1	75
30	1	76
30	1	77
30	1	78
30	1	79
30	1	80
30	1	81
30	1	82
30	1	83
30	1	84
30	1	85
30	1	86
30	1	87
30	1	88
30	1	89
30	1	90
30	1	91
30	1	92
30	1	93
30	1	94
30	1	95
30	1	96
30	1	97
30	1	229
30	1	230
30	1	231
30	1	232
30	1	233
30	1	234
30	1	235
30	1	236
30	1	237
30	1	238
30	1	239
30	1	240
30	2	48
30	2	49
30	2	50
30	2	51
30	2	52
30	2	53
30	2	54
30	2	55
30	2	56
30	2	57
30	2	58
30	2	59
30	2	60
30	2	61
30	2	62
30	2	63
30	2	64
30	2	65
30	2	66
30	2	67
30	2	68
30	2	69
30	2	70
30	2	71
30	2	72
30	2	73
30	2	74
30	2	75
30	2	76
30	2	77
30	2	78
30	2	79
30	2	80
30	2	81
30	2	82
30	2	83
30	2	84
30	2	85
30	2	86
30	2	87
30	2	88
30	2	89
30	2	90
30	2	91
30	2	92
30	2	93
30	2	94
30	2	95
30	2	96
30	2	97
30	2	229
30	2	230
30	2	231
30	2	232
30	2	233
30	2	234
30	2	235
30	2	236
30	2	237
30	2	238
30	2	239
30	2	240
30	3	48
30	3	49
30	3	50
30	3	51
30	3	52
30	3	53
30	3	54
30	3	55
30	3	56
30	3	57
30	3	58
30	3	59
30	3	60
30	3	61
30	3	62
30	3	63
30	3	64
30	3	65
30	3	66
30	3	67
30	3	68
30	3	69
30	3	70
30	3	71
30	3	72
30	3	73
30	3	74
30	3	75
30	3	76
30	3	77
30	3	78
30	3	79
30	3	80
30	3	81
30	3	82
30	3	83
30	3	84
30	3	85
30	3	86
30	3	87
30	3	88
30	3	89
30	3	90
30	3	91
30	3	92
30	3	93
30	3	94
30	3	95
30	3	96
30	3	97
30	3	229
30	3	230
30	3	231
30	3	232
30	3	233
30	3	234
30	3	235
30	3	236
30	3	237
30	3	238
30	3	239
30	3	240
31	0	48
31	0	49
31	0	50
31	0	51
31	0	52
31	0	53
31	0	54
31	0	55
31	0	56
31	0	57
31	0	58
31	0	59
31	0	60
31	0	61
31	0	62
31	0	63
31	0	64
31	0	65
31	0	66
31	0	67
31	0	68
31	0	69
31	0	70
31	0	71
31	0	72
31	0	73
31	0	74
31	0	75
31	0	76
31	0	77
31	0	78
31	0	79
31	0	80
31	0	81
31	0	82
31	0	83
31	0	84
31	0	85
31	0	86
31	0	87
31	0	88
31	0	89
31	0	90
31	0	91
31	0	92
31	0	93
31	0	94
31	0	95
31	0	96
31	0	97
31	0	229
31	0	230
31	0	231
31	0	232
31	0	233
31	0	234
31	0	235
31	0	236
31	0	237
31	0	238
31	0	239
31	0	240
31	1	48
31	1	49
31	1	50
31	1	51
31	1	52
31	1	53
31	1	54
31	1	55
31	1	56
31	1	57
31	1	58
31	1	59
31	1	60
31	1	61
31	1	62
31	1	63
31	1	64
31	1	65
31	1	66
31	1	67
31	1	68
31	1	69
31	1	70
31	1	71
31	1	72
31	1	73
31	1	74
31	1	75
31	1	76
31	1	77
31	1	78
31	1	79
31	1	80
31	1	81
31	1	82
31	1	83
31	1	84
31	1	85
31	1	86
31	1	87
31	1	88
31	1	89
31	1	90
31	1	91
31	1	92
31	1	93
31	1	94
31	1	95
31	1	96
31	1	97
31	1	229
31	1	230
31	1	231
31	1	232
31	1	233
31	1	234
31	1	235
31	1	236
31	1	237
31	1	238
31	1	239
31	1	240
31	2	48
31	2	49
31	2	50
31	2	51
31	2	52
31	2	53
31	2	54
31	2	55
31	2	56
31	2	57
31	2	58
31	2	59
31	2	60
31	2	61
31	2	62
31	2	63
31	2	64
31	2	65
31	2	66
31	2	67
31	2	68
31	2	69
31	2	70
31	2	71
31	2	72
31	2	73
31	2	74
31	2	75
31	2	76
31	2	77
31	2	78
31	2	79
31	2	80
31	2	81
31	2	82
31	2	83
31	2	84
31	2	85
31	2	86
31	2	87
31	2	88
31	2	89
31	2	90
31	2	91
31	2	92
31	2	93
31	2	94
31	2	95
31	2	96
31	2	97
31	2	229
31	2	230
31	2	231
31	2	232
31	2	233
31	2	234
31	2	235
31	2	236
31	2	237
31	2	238
31	2	239
31	2	240
31	3	48
31	3	49
31	3	50
31	3	51
31	3	52
31	3	53
31	3	54
31	3	55
31	3	56
31	3	57
31	3	58
31	3	59
31	3	60
31	3	61
31	3	62
31	3	63
31	3	64
31	3	65
31	3	66
31	3	67
31	3	68
31	3	69
31	3	70
31	3	71
31	3	72
31	3	73
31	3	74
31	3	75
31	3	76
31	3	77
31	3	78
31	3	79
31	3	80
31	3	81
31	3	82
31	3	83
31	3	84
31	3	85
31	3	86
31	3	87
31	3	88
31	3	89
31	3	90
31	3	91
31	3	92
31	3	93
31	3	94
31	3	95
31	3	96
31	3	97
31	3	229
31	3	230
31	3	231
31	3	232
31	3	233
31	3	234
31	3	235
31	3	236
31	3	237
31	3	238
31	3	239
31	3	240
32	0	48
32	0	49
32	0	50
32	0	51
32	0	52
32	0	53
32	0	54
32	0	55
32	0	56
32	0	57
32	0	58
32	0	59
32	0	60
32	0	61
32	0	62
32	0	63
32	0	64
32	0	65
32	0	66
32	0	67
32	0	68
32	0	69
32	0	70
32	0	71
32	0	72
32	0	73
32	0	74
32	0	75
32	0	76
32	0	77
32	0	78
32	0	79
32	0	80
32	0	81
32	0	82
32	0	83
32	0	84
32	0	85
32	0	86
32	0	87
32	0	88
32	0	89
32	0	90
32	0	91
32	0	92
32	0	93
32	0	94
32	0	95
32	0	96
32	0	97
32	0	229
32	0	230
32	0	231
32	0	232
32	0	233
32	0	234
32	0	235
32	0	236
32	0	237
32	0	238
32	0	239
32	0	240
32	1	48
32	1	49
32	1	50
32	1	51
32	1	52
32	1	53
32	1	54
32	1	55
32	1	56
32	1	57
32	1	58
32	1	59
32	1	60
32	1	61
32	1	62
32	1	63
32	1	64
32	1	65
32	1	66
32	1	67
32	1	68
32	1	69
32	1	70
32	1	71
32	1	72
32	1	73
32	1	74
32	1	75
32	1	76
32	1	77
32	1	78
32	1	79
32	1	80
32	1	81
32	1	82
32	1	83
32	1	84
32	1	85
32	1	86
32	1	87
32	1	88
32	1	89
32	1	90
32	1	91
32	1	92
32	1	93
32	1	94
32	1	95
32	1	96
32	1	97
32	1	229
32	1	230
32	1	231
32	1	232
32	1	233
32	1	234
32	1	235
32	1	236
32	1	237
32	1	238
32	1	239
32	1	240
32	2	48
32	2	49
32	2	50
32	2	51
32	2	52
32	2	53
32	2	54
32	2	55
32	2	56
32	2	57
32	2	58
32	2	59
32	2	60
32	2	61
32	2	62
32	2	63
32	2	64
32	2	65
32	2	66
32	2	67
32	2	68
32	2	69
32	2	70
32	2	71
32	2	72
32	2	73
32	2	74
32	2	75
32	2	76
32	2	77
32	2	78
32	2	79
32	2	80
32	2	81
32	2	82
32	2	83
32	2	84
32	2	85
32	2	86
32	2	87
32	2	88
32	2	89
32	2	90
32	2	91
32	2	92
32	2	93
32	2	94
32	2	95
32	2	96
32	2	97
32	2	229
32	2	230
32	2	231
32	2	232
32	2	233
32	2	234
32	2	235
32	2	236
32	2	237
32	2	238
32	2	239
32	2	240
32	3	48
32	3	49
32	3	50
32	3	51
32	3	52
32	3	53
32	3	54
32	3	55
32	3	56
32	3	57
32	3	58
32	3	59
32	3	60
32	3	61
32	3	62
32	3	63
32	3	64
32	3	65
32	3	66
32	3	67
32	3	68
32	3	69
32	3	70
32	3	71
32	3	72
32	3	73
32	3	74
32	3	75
32	3	76
32	3	77
32	3	78
32	3	79
32	3	80
32	3	81
32	3	82
32	3	83
32	3	84
32	3	85
32	3	86
32	3	87
32	3	88
32	3	89
32	3	90
32	3	91
32	3	92
32	3	93
32	3	94
32	3	95
32	3	96
32	3	97
32	3	229
32	3	230
32	3	231
32	3	232
32	3	233
32	3	234
32	3	235
32	3	236
32	3	237
32	3	238
32	3	239
32	3	240

0	0   193
0	0	194
0	0	195
0	0	196
0	0	197
0	0	198
0	0	199
0	0	200
0	0	201
0	0	202
0	0	203
0	0	204

1	2	169
1	2	170
1	2	171
1	2	172
1	2	173
1	2	174
1	2	175
1	2	176
1	2	177
1	2	178
1	2	179
1	2	180

3	1	169
3	1	170
3	1	171
3	1	172
3	1	173
3	1	174
3	1	175
3	1	176
3	1	177
3	1	178
3	1	179
3	1	180

5	0	169
5	0	170
5	0	171
5	0	172
5	0	173
5	0	174
5	0	175
5	0	176
5	0	177
5	0	178
5	0	179
5	0	180

5	0	217
5	0	218
5	0	219
5	0	220
5	0	221
5	0	222
5	0	223
5	0	224
5	0	225
5	0	226
5	0	227
5	0	228

5	1	169
5	1	170
5	1	171
5	1	172
5	1	173
5	1	174
5	1	175
5	1	176
5	1	177
5	1	178
5	1	179
5	1	180

5	1	181
5	1	182
5	1	183
5	1	184
5	1	185
5	1	186
5	1	187
5	1	188
5	1	189
5	1	190
5	1	191
5	1	192

8	2	169
8	2	170
8	2	171
8	2	172
8	2	173
8	2	174
8	2	175
8	2	176
8	2	177
8	2	178
8	2	179
8	2	180

10	1	145
10	1	146
10	1	147
10	1	148
10	1	149
10	1	150
10	1	151
10	1	152
10	1	153
10	1	154
10	1	155

11	3	217
11	3	218
11	3	219
11	3	220
11	3	221
11	3	222
11	3	223
11	3	224
11	3	225
11	3	226
11	3	227
11	3	228

12	1	217
12	1	218
12	1	219
12	1	220
12	1	221
12	1	222
12	1	223
12	1	224
12	1	225
12	1	226
12	1	227
12	1	228

12	2	181
12	2	182
12	2	183
12	2	184
12	2	185
12	2	186
12	2	187
12	2	188
12	2	189
12	2	190
12	2	191
12	2	192

15	1	133
15	1	134
15	1	135
15	1	136
15	1	137
15	1	138
15	1	139
15	1	140
15	1	141
15	1	142
15	1	143
15	1	144

18 	1 	193
18 	1 	194
18	1	195
18	1	196
18	1	197
18	1	198
18	1	199
18	1	200
18	1	201
18	1	202
18 	1	203
18  1	204

19	2	181
19	2	182
19	2	183
19	2	184
19	2	185
19	2	186
19	2	187
19	2	188
19	2	189
19	2	190
19	2	191
19	2	192

20	0	169
20	0	170
20	0	171
20	0	172
20	0	173
20	0	174
20	0	175
20	0	176
20	0	177
20	0	178
20	0	179
20	0	180

23	0	133
23	0	134
23	0	135
23	0	136
23	0	137
23	0	138
23	0	139
23	0	140
23	0	141
23	0	142
23	0	143
23	0	144

24	1	145
24	1	146
24	1	147
24	1	148
24	1	149
24	1	150
24	1	151
24	1	152
24	1	153
24	1	154
24	1	155
24	1	156

26	0	169
26	0	170
26	0	171
26	0	172
26	0	173
26	0	174
26	0	175
26	0	176
26	0	177
26	0	178
26	0	179
26	0	180

27	1	217
27	1	218
27	1	219
27	1	220
27	1	221
27	1	222
27	1	223
27	1	224
27	1	225
27	1	226
27	1	227
27	1	228

28	0	181
28	0	182
28	0	183
28	0	184
28	0	185
28	0	186
28	0	187
28	0	188
28	0	189
28	0	190
28	0	191
28	0	192

29	1	169
29	1	170
29	1	171
29	1	172
29	1	173
29	1	174
29	1	175
29	1	176
29	1	177
29	1	178
29	1	179
29	1	180

29	2	193
29	2	194
29	2	195
29	2	196
29	2	197
29	2	198
29	2	199
29	2	200
29	2	201
29	2	202
29	2	203
29	2	204
